0
0
17
1
2
1
0
1
2
1
2
7
0
0
0
0
0
0
0
71
2
1
0
0
1
0
3
1
0
3
5
174
3
372
0
215
3
7
5
0
0
6
0
572
0
0
0
0
0
0
0
0
0
1117
37
0
0
0
0
0
0
0
1
0
0
0
0
1663
2
134
0
0
0
0
11
0
0
0
1
1
0
1
0
0
2
0
0
0
0
0
0
0
0
0
0
0
1
1
1
0
5
203
380
62
2
25
0
8
494
1
124
0
0
10
124
1
1
0
0
0
0
227
386
5
1554
10
20
5
1
0
0
0
0
0
0
0
1053
1
4
0
1
0
0
0
0
0
0
0
0
0
0
86
4
0
0
0
0
864
14
17
4
3
23
3
77
29
0
0
4616
382
17
72
0
0
0
0
0
15
0
0
4
6
1
0
2
0
0
0
0
0
0
0
0
0
0
72
3
2
0
0
0
3573
149
1
3
152
4
184
2
197
5
0
237
150
0
1
0
0
40
0
0
0
0
0
2
0
0
11
3
6
41
2
0
0
0
0
0
0
0
0
0
0
0
0
0
0
0
0
0
0
43
0
0
0
0
0
0
0
0
0
0
0
0
0
0
0
21
0
0
0
1
22
1
0
5
94
0
0
10
1
254
1
0
0
1
1
0
0
0
0
0
0
0
21
3
0
9
3
0
0
0
0
0
0
0
0
0
4
23
0
1
0
2359
2
0
48
157
54
0
166
0
0
749
3
0
0
0
0
106
3
2
1
1
508
0
0
0
0
0
0
0
0
0
0
0
0
0
0
0
0
0
0
0
0
0
0
0
0
0
0
0
0
0
0
0
0
0
0
0
0
0
0
0
1
0
0
0
0
0
0
0
0
4
0
0
0
0
0
0
1029
18
34
220
0
0
0
0
1
0
0
0
0
0
0
0
0
0
0
0
2
0
0
1
0
0
0
0
0
0
0
0
0
0
0
0
0
0
0
0
0
0
0
0
0
0
34
1
1
2
1
0
45
121
0
341
0
11
0
371
1
0
0
11
0
37
676
6
0
0
1
2
60
0
81
0
228
340
35
3
0
0
0
0
0
0
0
0
0
0
0
13
0
0
2
774
42
92
0
0
0
0
0
0
0
0
0
0
0
0
0
2
1094
0
15
1171
0
19
439
4
325
0
55
123
105
12
0
216
0
32
60
102
3
1
0
0
410
572
0
0
4
0
618
0
18
36
1
0
1
0
0
0
128
5
1
659
279
654
14
1
309
3
7
13
32
0
32
118
279
0
0
0
0
359
526
211
16
0
29
2
0
0
0
0
0
5
5
0
0
0
128
13
0
0
0
29
1
1
1194
2167
21
0
0
137
24
2
466
6
0
1
0
0
0
0
660
0
5
2
0
107
15
158
6
8
80
71
2
1955
88
192
2
3
13
159
2
0
0
0
0
0
0
0
0
0
0
0
0
0
0
0
0
136
0
1
0
426
1
5
177
12
0
0
0
0
72
3
10
3
3
1
0
80
6
0
0
0
0
782
19
0
14
136
0
37
103
193
0
0
0
0
0
531
106
7
12
6
0
0
0
0
6308
0
494
32
0
0
1
0
0
0
0
203
0
2
0
0
29
0
0
0
0
0
14
0
0
1
347
23
6
0
0
0
0
0
0
0
0
0
0
0
0
0
0
0
0
0
0
0
0
0
0
0
0
0
0
0
0
0
0
0
0
0
18
0
0
0
2
0
2
820
0
0
550
15
0
1
254
4
2
0
0
0
2
0
1
190
12
529
0
0
739
3
1
1
1
0
37
11
1404
48
2
162
411
2
451
1
0
0
43
1
68
0
50
1
1
74
0
0
0
0
0
1049
0
379
0
0
2
0
0
175
57
3
0
109
9
3
0
12
2290
2
189
12
730
294
0
0
345
2
180
11
548
14
0
0
0
630
166
0
107
0
0
0
0
0
0
20
0
0
0
0
0
0
1
73
41
90
0
0
0
0
0
21
2
71
3
104
22
0
1
2
1
16
1246
1023
72
80
110
1
7
680
256
0
0
0
3
21
0
947
1
267
33
4
661
123
0
0
0
0
18
2
3
6
0
131
1
0
0
140
3
7
0
0
324
0
27
1
208
4
0
0
0
718
11
1
182
21
4
15
151
86
4
1024
0
164
3
208
1433
9
4
0
0
3
2
7
28
1
0
0
0
0
0
3
2
0
2
0
1
0
0
0
0
0
0
0
0
0
0
0
68
8
5
4
3
1
0
0
2
2
1
0
0
0
160
1
3
0
671
0
0
0
4
34
142
689
2
2465
0
1
0
5
17
0
1
0
0
0
1
0
0
2
63
0
0
0
0
123
3
0
0
1
115
0
0
8
0
0
0
0
631
58
2
0
2
31
164
1
108
3
27
0
5
0
0
0
0
0
0
0
0
0
229
959
2
0
0
0
0
0
0
0
0
0
0
0
1
416
0
6
0
0
0
356
652
45
61
61
28
83
41
85
4
199
3
0
0
32
0
0
147
0
0
0
0
0
0
0
0
0
208
2
3
0
4
7
16
1
5
0
0
0
11
20
526
25
36
0
0
0
0
0
0
0
0
0
7
0
0
0
0
260
473
1
1
0
0
0
0
0
0
1
1
0
6
25
29
0
1
565
92
0
128
0
0
179
0
1046
80
411
3
0
1
0
0
3
0
0
0
1
0
1
0
0
0
5102
53
1
0
0
0
517
0
791
0
76
7
1652
0
2
2
25
269
3
4
151
13
141
2
105
1
64
150
11
414
53
2
0
2
0
2
0
0
0
0
0
1
0
0
2
15
2
434
463
150
19
0
320
233
27
0
196
614
6
201
1
0
0
0
324
57
0
87
1
442
7
0
97
23
17
3
0
116
0
31
0
0
0
0
0
0
0
0
0
0
0
33
1
0
0
0
0
0
9
0
0
284
2
13
0
5
1
0
61
60
0
0
6
0
0
0
0
0
24
0
312
0
172
8
0
0
0
0
0
0
0
0
2
1192
36
11
0
0
0
227
1
7
5
0
0
0
0
0
2
0
0
0
2512
0
198
5
5
0
25
18
0
4
470
21
4
0
0
0
0
0
678
0
1
0
0
0
0
0
0
0
0
0
0
1
0
0
0
0
0
0
43
7
1
3
0
0
0
0
1829
19
40
19
0
0
0
3
3
0
0
0
0
1
0
0
0
0
0
0
0
1
0
1
0
1
0
1
0
0
43
0
27
1
0
164
0
16
0
0
0
0
1093
186
1
0
1
0
1
0
60
424
2
19
18
0
26
1
2
0
0
0
721
0
0
0
0
32
0
0
0
799
8
5
79
0
0
0
153
0
4
7
9
7
2
4
12
3
0
1
10
1
0
2
0
0
0
0
0
0
1
1
488
0
226
1
1212
9
21
9
1
33
22
0
1
105
327
147
64
7
615
4
3
20
271
0
0
0
0
0
0
0
9
0
2
0
0
2
1
1
1
3
0
0
1
0
1
30
458
1
0
0
0
0
2
0
0
0
48
0
0
0
0
3
0
791
13
1
0
0
1180
49
0
16
39
3
14
0
0
0
0
0
261
2
3
2
0
0
0
192
0
1115
4
0
828
2
283
0
140
0
0
480
938
13
4
398
0
3
0
9
271
0
70
350
0
0
0
44
40
0
0
5
0
3
213
14
0
5
0
0
566
1
0
0
0
0
0
0
0
0
0
0
0
518
1
0
0
1
56
1
0
6
34
13
716
3
74
8
0
0
10
0
0
0
0
100
0
86
0
2
73
169
0
0
2
1
5200
22
1161
198
13
960
12
21
73
0
228
82
159
0
85
1
0
0
0
0
0
0
0
0
0
0
0
0
158
4
11
184
5
0
0
0
0
0
0
0
0
0
0
0
0
412
319
0
0
0
0
0
0
2
0
181
353
43
635
7
0
5
35
3
2
0
0
0
0
1
0
0
0
0
0
0
1
0
0
0
0
0
0
0
0
0
0
0
0
0
0
0
0
0
0
0
0
0
0
0
0
0
0
0
0
0
0
0
0
0
0
0
0
0
0
42
2
1
0
9
290
2
2
0
3
654
43
0
1398
0
0
0
11
337
6
0
0
305
65
1
0
33
3
0
2
387
663
217
1
0
0
0
0
0
0
0
0
0
0
1
5
0
0
0
0
0
0
29
0
0
0
0
0
0
0
0
0
0
0
0
0
0
0
0
0
0
0
38
2
5
0
0
1
0
76
1
0
0
0
0
0
0
0
0
0
0
0
0
0
0
0
0
0
0
0
0
0
0
0
0
0
0
0
0
0
0
0
0
0
0
0
0
0
0
2
447
222
0
443
2
1
1
36
0
0
0
0
15
0
1
0
0
0
0
17
207
1
3
1
2
0
146
1
590
1
40
0
0
0
0
0
18
0
0
4
2
1672
6
370
0
0
4
0
0
0
0
0
0
0
0
0
0
4
167
4
0
311
3
0
0
0
80
0
0
0
0
0
0
0
0
0
0
0
0
0
0
0
36
0
1
0
3
2
1
1
4
3
4
0
0
0
0
0
0
722
0
508
0
0
0
12
1
0
0
0
0
143
1
14
1
0
0
1
2
1
2
4
704
9
860
25
4
6
2
0
3
632
5
15
18
17
0
669
0
69
501
0
0
0
0
5
33
0
0
0
1
0
0
0
0
1
0
0
0
0
0
0
23
39
421
4
1
1
0
0
0
1
2
315
311
3
33
2
3
72
55
9472
10
0
0
0
0
274
4
44
0
75
354
62
2
124
0
1
202
1
7
11
1
1
6
0
0
1
381
4
8
2931
72
0
611
19
0
0
20
613
671
0
0
2
227
0
0
0
0
0
0
0
0
125
11
41
0
329
8
241
23
3
40
0
0
4
0
1
803
1
718
6
30
1951
503
42
0
0
0
0
1
162
0
0
158
0
121
50
0
16
357
0
2
0
0
10
0
211
0
0
62
231
2
0
0
5
4
24
0
0
38
932
3
289
1230
1
1
207
191
1
2
4
0
459
0
8
528
10
0
57
7
11
6
6
0
15
129
5
3
0
7
11
14
128
224
163
1
8
357
3
202
0
1
9
6
9
1268
57
0
357
15
0
35
1
3
76
0
9
0
1
2
441
2
32
0
0
0
5
0
609
5
41
4
0
0
0
0
0
0
218
31
0
0
0
0
0
0
26
0
0
0
0
0
0
2
0
0
59
266
31
74
94
21
94
180
335
0
93
0
18
1
292
24
0
0
0
0
0
2277
8
19
80
0
0
0
18
0
0
0
1
1104
63
18
19
12
39
35
46
0
19
0
0
0
687
14
0
0
0
0
0
0
0
0
2
0
1
0
0
126
9
1
1
0
0
0
0
0
0
0
0
0
0
0
3
493
244
1
131
175
263
39
0
56
0
0
7
0
0
0
2
0
0
0
0
0
0
0
0
0
0
1
4
0
0
0
0
0
0
0
0
0
0
0
0
0
0
0
1
0
0
0
0
0
0
0
0
0
0
44
0
0
0
0
0
0
1
2
0
0
0
0
948
1431
8
0
81
2
1
0
0
0
0
1
0
5
2440
271
180
1
32
329
24
0
0
0
581
22
1417
447
0
0
0
0
45
40
3
270
0
1
0
2
782
50
434
15
0
0
5
0
143
1148
19
8
3
5
0
0
649
4
4
0
0
0
0
5
0
396
7
2
3
1
0
0
0
4162
0
1
23
98
0
1
0
0
0
0
8
4
0
11
345
42
556
9
75
0
366
0
0
82
0
0
55255
76
7
1523
0
6
7
0
1
375
48
1432
0
0
0
0
0
0
0
84
93
1
3
499
35
735
545
0
1
43
1
7
4
4
0
0
0
0
259
13
13
2
27
26
43
0
993
0
0
0
0
0
0
3
0
0
0
0
0
2
0
0
0
0
559
29
6
5
0
0
0
21
0
0
0
0
0
82
1
1
180
216
3
716
13
6
5
16
23
11
13
31
0
4
3
2
10
0
0
0
1
938
22
8
71
17
2
3
238
2
520
0
0
0
0
0
0
0
0
0
0
111
0
8
123
0
0
3
790
0
0
0
0
0
7
5
2
4
590
1
0
1
213
2
93
4
0
26
0
0
0
0
149
303
0
8
0
1864
2
3
208
183
2
1
0
0
0
0
0
108
1
3
4
48
0
0
0
0
0
106
341
19
18
0
1
17
10
0
4
99
0
87
49
179
60
5
7
0
0
0
0
0
0
0
0
295
2
2
0
3
0
0
0
0
0
751
124
32
36
980
20
4
94
2043
49
22
1
0
0
0
1
217
4
0
101
0
0
0
220
1
1
0
9
0
1
0
0
190
7
0
0
0
0
21
0
15
0
1
84
2
481
0
0
0
0
0
0
0
0
1
0
2
8
0
0
1036
9
1
0
0
447
0
1
440
154
0
3
0
0
384
63
54
0
0
0
0
0
8
0
0
1683
29
0
0
0
0
1207
36
434
663
1
0
591
0
0
1
15
102
65
7
0
29
715
0
3
19
54
1
1
4
0
0
44
1
0
10
0
61
0
0
0
10
453
97
1
3
52
6
36
715
5
94
146
87
604
2
0
56
52
187
37
5
1
0
143
14
234
9
2
592
1
0
15
0
0
0
17
14
28
1
0
0
0
26
3
0
0
0
0
0
2
45
1
1
5
22
0
628
2703
4
7
440
0
1352
228
10
0
0
0
506
503
6
0
9
428
3
0
13
25
108
0
12
17
2
4
0
20
0
0
0
0
0
0
0
0
0
0
0
0
0
0
0
0
0
5
0
0
4
28
17
4
2
0
23
25
0
1
0
0
105
66
49
0
0
118
8
178
4
0
126
0
0
0
0
0
0
0
0
0
0
0
1
1
0
13
0
0
0
0
0
0
0
1
3
19
0
0
353
5
22
92
0
0
33
0
0
0
1
0
0
0
0
0
0
0
0
0
208
4
1
3
1
0
95
0
0
0
4
1
1
8
124
8
8
1
1
7
3
0
0
491
1
0
0
2
0
0
411
2
0
3
7
0
0
379
1
0
3
14
1
747
8
0
0
21
6
0
0
0
57
1
66
5
297
124
0
1459
0
0
431
6
8
1065
1
162
0
10
475
119
14
61
7
0
0
544
2
80
0
0
447
11
2
311
54
17
1
166
2
0
0
495
33
651
2
1
174
0
0
0
0
0
0
320
0
85
1646
14
0
3
2
0
0
0
0
0
1
0
232
0
0
495
24
8
15
8
0
488
0
0
360
3
593
0
2
325
353
1
19
0
1
0
0
0
38
0
173
2
0
23
2
286
138
3408
5
376
7
879
7
0
0
0
0
0
13
3
0
0
0
0
0
0
0
0
0
26
0
2
805
0
0
286
38
1
0
0
0
888
1
0
5
513
0
2
0
2
570
2
1872
4
0
0
0
0
0
39
0
0
0
0
0
0
71
0
1
3
88
4
0
0
0
0
0
2
0
0
1
0
0
229
65
19
0
140
9
1
13
7
0
2
0
0
308
0
0
8
0
4
0
0
0
19
1
182
0
5
32
124
13
299
4
0
0
0
64
0
0
76
319
2
0
0
1
281
0
0
35
4
0
8
0
0
11
0
16
2
0
145
84
713
0
1
0
0
0
10
286
2
1533
1
6
0
0
12
21
386
2
2
0
27
0
2
2
233
0
24
14
9
0
0
0
0
17
1
0
4
0
0
0
161
523
191
23
2
0
267
101
3
6253
58
0
6
0
0
0
14
0
0
0
352
15
10
20
3
0
0
0
165
8
90
3
26
21
8
44
0
0
10
12
498
14
0
0
0
0
1
