0
0
20
0
1
1
0
0
0
0
3
2
0
0
0
0
0
2
0
37
0
2
0
0
0
0
2
0
0
0
2
101
3
241
0
163
0
1
5
0
0
0
0
372
0
0
0
0
0
0
0
0
0
635
24
0
0
0
0
0
0
0
1
0
0
0
0
1183
4
57
1
0
0
0
6
0
0
0
0
0
0
0
0
0
0
0
1
0
1
0
0
0
0
0
0
0
0
0
0
0
2
103
185
31
0
4
0
6
310
0
57
1
0
2
55
0
1
0
1
0
0
133
216
0
1053
4
6
3
0
0
0
0
0
0
0
0
600
1
0
0
1
0
0
0
0
0
0
0
0
0
0
35
0
0
0
0
0
547
4
6
0
1
7
0
19
13
0
0
4009
259
6
49
0
1
0
0
0
2
0
0
2
2
0
0
2
0
0
0
0
0
0
0
0
0
0
40
1
2
0
0
1
2769
74
0
3
88
2
118
0
140
1
0
136
118
0
0
0
0
30
0
0
0
0
0
1
0
0
14
0
3
23
0
0
0
0
0
0
0
0
0
0
0
0
0
0
0
0
0
0
0
55
0
0
1
0
0
0
0
0
0
0
0
0
0
0
0
12
0
0
0
0
11
0
0
4
45
0
0
4
1
95
0
1
0
0
0
0
0
0
0
0
0
0
16
0
0
2
0
0
0
0
0
0
0
0
0
0
2
17
0
0
0
1697
1
0
22
98
35
0
110
0
0
483
1
0
0
0
1
43
1
0
1
0
336
0
0
0
0
0
0
0
0
0
0
0
0
0
0
0
0
0
0
0
0
0
0
0
0
0
0
0
0
0
0
0
0
0
0
0
0
0
0
0
0
0
0
0
0
0
0
0
0
0
0
0
0
0
0
0
701
9
14
151
0
0
0
1
0
0
0
0
0
0
0
0
0
0
0
0
1
0
0
0
0
0
0
0
0
0
0
0
0
0
0
0
0
1
0
0
0
0
0
0
0
0
12
0
3
0
0
0
12
70
1
202
0
8
0
258
1
0
0
9
0
24
442
12
0
0
0
1
25
0
46
1
156
213
20
3
0
0
0
0
0
0
0
0
0
0
0
4
0
0
3
459
18
67
0
0
0
0
0
0
0
0
0
0
0
1
0
2
697
0
5
919
0
16
390
2
230
0
30
76
72
3
0
163
0
22
34
63
3
0
0
0
340
448
0
0
2
0
425
0
9
13
0
0
0
0
0
0
64
1
0
484
179
478
1
0
205
0
4
6
16
0
24
84
215
0
0
0
0
219
372
101
7
0
10
0
0
0
0
0
0
2
1
0
0
0
84
1
0
0
0
19
0
0
606
1425
14
0
0
95
11
2
349
4
0
3
0
0
0
0
449
0
4
0
0
64
10
96
3
5
37
33
0
1419
85
132
2
1
14
80
0
0
0
0
0
0
0
0
0
0
0
0
0
0
0
0
0
70
1
0
0
248
0
2
117
3
0
0
0
0
48
0
5
2
3
0
1
60
2
0
0
0
0
530
9
0
12
71
0
23
101
140
0
0
0
0
2
283
70
3
8
3
0
0
0
0
4767
0
356
8
0
0
0
0
0
0
0
110
0
3
0
0
10
0
1
0
0
0
6
0
1
0
279
9
4
0
0
0
0
0
0
0
0
1
0
0
0
0
0
0
0
0
0
0
0
0
0
0
0
0
0
0
0
0
0
0
0
0
2
0
0
0
0
0
0
486
0
0
377
9
0
0
117
1
4
0
0
0
1
0
0
96
5
278
0
0
530
2
0
0
1
0
14
5
1005
25
0
89
225
0
331
0
0
0
19
0
40
1
31
1
0
47
0
0
0
0
0
601
0
143
0
0
0
0
1
153
20
0
0
45
2
1
0
3
1395
0
125
3
509
158
0
0
245
2
197
16
360
9
2
0
0
556
105
0
25
0
0
0
0
0
0
7
0
0
0
0
1
0
0
49
21
56
0
0
0
0
0
28
0
26
3
45
4
0
0
0
1
9
887
620
27
59
68
0
5
454
175
0
0
1
0
14
0
606
0
184
18
0
439
77
0
0
0
0
9
6
0
6
0
90
0
0
0
89
3
1
0
0
192
0
7
0
126
2
0
1
1
437
4
0
131
11
1
6
99
47
1
586
0
117
2
109
739
3
0
0
0
4
0
7
17
0
0
1
0
2
0
0
2
0
0
0
0
0
0
0
0
0
0
0
0
0
0
0
33
3
7
0
0
2
0
0
0
0
0
0
0
0
104
0
0
0
373
0
0
0
3
8
63
497
0
1811
0
1
0
2
5
0
1
0
0
0
1
0
0
1
21
0
0
0
0
59
0
0
0
0
46
0
0
1
0
0
0
0
338
30
0
0
2
28
87
0
55
0
19
0
1
0
0
0
0
0
0
0
0
0
130
641
1
0
0
0
0
0
0
0
0
0
0
0
0
254
0
1
1
0
0
249
307
28
35
37
17
42
17
35
0
107
1
0
0
2
0
0
80
2
0
0
0
0
0
0
0
0
181
1
0
1
0
2
6
1
4
0
0
0
1
6
332
4
5
0
0
0
0
0
0
0
0
0
5
0
0
0
0
183
502
0
0
0
0
0
0
0
0
0
0
0
2
16
13
0
0
381
68
0
82
0
0
89
0
681
67
310
1
0
0
0
0
4
0
0
0
0
0
1
0
0
0
2856
27
1
0
0
0
332
1
640
0
65
0
1050
0
3
3
16
205
2
4
125
3
110
0
62
0
51
102
4
234
36
2
0
2
0
2
0
0
0
0
0
0
0
0
0
10
1
339
363
88
13
0
223
153
14
0
114
387
4
120
1
0
0
0
249
15
1
37
1
362
4
1
133
5
16
0
0
87
0
24
0
0
0
0
0
0
0
0
0
0
0
18
0
0
0
0
0
0
4
0
0
215
3
4
1
1
0
0
32
26
0
0
1
0
0
0
0
0
7
1
190
1
114
7
0
0
0
0
0
0
0
0
0
896
8
6
0
0
0
102
0
0
2
0
0
0
0
0
0
0
0
0
1791
0
107
2
3
0
8
8
0
2
318
4
1
0
1
0
0
0
477
0
0
0
0
0
0
0
0
0
0
0
0
0
0
0
0
0
0
0
18
4
0
2
0
0
0
0
1230
8
13
12
2
0
0
0
0
0
2
0
1
2
0
0
0
0
0
0
0
1
0
0
0
0
0
1
0
0
18
0
13
0
0
86
0
4
0
0
0
0
782
114
0
0
1
0
0
0
76
310
2
14
2
0
17
0
2
0
0
0
468
0
0
0
0
7
0
0
0
618
4
0
52
0
0
0
83
1
1
3
3
1
1
3
10
0
1
0
6
0
0
1
0
0
0
0
0
0
0
0
359
0
144
1
717
2
11
1
0
11
40
0
0
50
200
61
52
1
343
1
0
5
159
0
0
0
0
0
0
0
0
0
0
0
0
1
0
0
0
1
0
0
1
0
0
19
253
0
0
1
0
0
1
0
0
0
58
0
0
0
0
0
0
535
8
0
0
0
803
23
0
4
17
2
7
0
0
0
0
0
217
2
0
1
0
0
0
121
0
564
3
0
512
0
207
0
119
1
0
285
604
4
3
219
3
0
0
4
170
0
51
139
0
0
0
30
23
0
0
1
2
0
135
3
0
1
0
0
390
0
0
0
0
0
0
0
0
0
0
0
0
248
0
0
0
0
42
0
0
2
22
6
463
1
37
8
0
0
6
0
0
0
0
70
0
65
0
1
24
86
0
0
1
0
4061
12
885
111
3
637
6
23
44
0
175
56
116
1
49
0
0
0
0
0
0
0
0
0
0
0
0
0
82
9
5
97
2
0
0
0
0
0
0
0
0
0
0
0
0
264
292
0
0
0
1
0
0
0
1
121
243
35
424
6
0
6
11
0
4
0
0
0
0
0
0
1
0
0
0
0
0
0
0
0
0
0
0
0
0
0
0
0
1
0
0
0
0
0
0
0
0
0
0
0
0
0
0
0
0
0
0
0
0
0
0
0
0
0
0
26
0
0
0
4
173
0
0
0
2
432
21
0
1193
1
0
0
4
159
1
0
1
193
21
1
0
17
0
0
0
270
523
179
0
1
0
0
0
0
0
0
0
0
0
0
3
0
0
0
0
0
0
20
0
0
0
0
0
0
0
0
0
0
0
0
0
0
0
0
0
0
0
41
1
0
0
0
0
0
60
0
0
0
0
0
0
0
0
0
0
0
0
0
0
0
1
0
0
0
0
0
0
0
0
0
0
0
0
0
0
0
0
0
0
0
0
0
0
3
0
354
139
0
313
0
1
2
34
0
0
0
0
4
0
0
0
0
0
0
13
157
1
1
1
1
0
70
0
393
0
25
0
0
0
0
0
8
0
0
1
1
1134
6
312
0
0
0
0
0
0
0
0
0
0
0
0
0
0
112
6
0
201
2
1
0
0
60
0
0
0
0
0
0
0
0
0
0
0
0
0
0
0
17
2
0
0
0
0
0
0
0
1
6
0
0
0
0
0
0
464
0
359
0
0
0
7
0
0
0
0
0
89
0
5
1
0
0
0
0
1
2
1
392
1
574
18
1
4
1
1
2
282
4
18
3
5
1
539
1
42
358
0
0
0
0
3
19
0
0
0
0
0
0
0
0
0
0
0
0
0
0
1
11
18
280
1
1
0
0
0
0
2
2
236
167
2
26
1
0
33
42
8243
0
0
0
0
0
196
1
18
0
39
199
29
1
90
0
2
109
2
1
3
0
1
1
0
0
4
248
2
13
1920
52
0
461
4
0
0
14
355
452
0
0
1
133
0
0
0
0
0
0
0
1
73
1
29
0
196
7
137
17
2
15
0
0
7
0
0
434
1
411
3
19
1485
281
12
0
0
0
0
3
71
0
0
106
1
73
40
0
1
137
0
0
0
0
9
1
110
0
0
60
124
2
0
1
5
0
10
0
0
19
677
1
188
980
1
1
116
120
0
0
1
0
311
0
2
338
7
0
12
3
9
14
0
1
4
76
1
2
0
9
4
13
100
173
106
1
12
212
0
95
0
0
3
1
3
1101
32
0
250
11
0
18
1
0
71
0
0
0
0
0
264
2
19
0
0
0
1
0
362
0
14
3
0
0
0
0
0
0
126
6
0
0
0
0
0
0
10
0
0
0
0
0
0
2
0
0
21
114
9
23
37
7
30
72
113
0
30
0
10
1
108
9
0
0
0
0
0
1507
5
12
46
0
0
0
21
0
0
0
1
710
27
4
10
3
18
17
11
0
8
0
0
0
479
6
0
0
0
0
0
0
0
0
2
0
0
0
0
28
4
0
0
0
0
0
0
0
0
0
0
0
0
0
3
262
84
0
88
126
196
15
0
27
1
0
7
1
0
0
0
0
0
0
0
0
0
0
0
0
0
0
0
0
0
0
0
0
0
0
0
0
0
0
0
0
0
0
0
0
0
0
0
0
0
0
0
0
0
55
0
0
0
0
3
0
0
2
0
0
0
0
750
916
3
0
58
2
0
0
0
0
0
0
0
4
1625
147
86
0
22
184
6
0
1
0
374
11
1167
382
0
1
0
0
33
23
0
111
0
0
0
1
619
26
287
6
0
0
5
0
145
732
12
4
1
6
1
0
367
1
1
0
0
0
0
6
0
259
4
0
4
0
0
0
0
2460
0
1
11
43
0
1
0
0
0
0
0
2
0
9
271
14
390
6
42
0
233
0
0
65
1
0
43620
27
8
964
0
2
1
0
0
253
20
993
0
0
0
0
0
0
0
56
52
1
3
290
21
499
447
0
0
23
0
1
0
0
1
0
0
0
152
3
0
1
7
20
26
0
605
0
0
0
0
0
0
3
0
0
0
0
0
3
0
0
0
0
336
22
6
1
0
0
0
6
0
0
0
0
0
24
0
0
108
127
1
526
10
2
3
14
5
4
5
10
0
1
2
1
5
0
0
0
0
543
10
2
22
7
0
0
108
3
289
0
0
0
0
0
0
0
0
0
0
63
0
6
72
0
0
0
489
0
0
0
0
0
4
1
0
1
409
0
0
0
154
0
36
1
1
18
0
0
0
0
114
202
0
0
0
1156
0
1
78
104
0
3
0
0
0
0
0
52
2
3
2
41
1
0
0
0
0
60
209
10
12
0
0
6
5
0
2
57
0
56
25
133
29
0
8
0
0
0
0
0
0
0
0
118
1
0
0
2
0
0
0
0
0
509
94
12
15
582
13
2
39
1216
23
8
0
0
0
1
0
151
2
0
37
1
0
0
178
0
1
0
1
0
0
0
1
109
1
0
0
0
0
13
0
5
1
3
45
8
349
0
0
0
0
0
0
0
0
0
0
3
8
0
0
765
8
0
0
0
334
2
1
300
86
0
1
1
0
240
17
18
0
0
0
0
0
6
0
0
983
20
0
0
0
0
942
16
202
451
0
0
331
0
0
0
6
58
31
4
0
16
566
0
2
10
33
0
0
1
0
0
15
0
0
12
0
17
0
0
0
2
280
22
1
0
38
0
16
562
1
57
89
62
426
0
0
26
33
150
19
8
1
0
91
1
158
3
2
422
1
0
8
0
0
0
6
8
8
0
0
0
0
5
1
0
0
0
0
0
2
18
2
0
1
9
0
469
1861
1
1
273
0
850
133
0
0
0
0
391
146
1
0
4
292
1
0
18
20
77
1
4
10
1
1
0
18
0
0
0
0
0
0
0
0
0
0
0
0
0
0
0
0
0
0
0
0
3
13
7
2
0
0
18
6
0
1
0
0
37
31
20
0
0
57
3
65
1
0
39
0
0
0
0
0
0
0
0
0
0
0
0
0
0
12
0
0
0
0
0
0
0
0
7
2
0
0
219
2
8
63
0
0
22
0
0
0
0
0
0
0
0
0
0
0
0
0
123
0
0
0
0
0
48
0
0
0
1
1
1
2
76
1
0
2
1
3
4
0
1
313
0
0
0
0
0
2
284
2
0
3
0
0
0
263
1
0
1
9
1
387
1
0
0
9
6
0
0
0
32
0
33
3
179
75
0
799
0
0
285
2
1
728
0
81
0
8
258
38
9
26
2
0
0
352
0
51
1
0
259
3
0
214
33
10
0
108
0
0
0
388
22
457
6
0
108
0
0
0
0
0
0
194
0
71
1137
11
0
0
3
1
0
0
0
0
0
0
153
0
0
281
18
3
10
3
0
309
0
0
276
1
375
0
1
260
230
0
8
0
1
0
0
0
38
1
72
8
0
10
2
223
93
2512
2
201
5
671
5
0
0
0
0
0
4
0
0
0
0
0
0
0
0
0
0
25
0
2
612
0
0
202
17
1
0
0
0
712
0
0
2
360
0
2
0
0
432
2
1291
1
0
0
0
0
0
30
1
0
0
0
0
0
46
0
1
3
68
7
0
0
0
0
0
1
0
0
0
0
0
142
33
13
1
105
3
1
1
2
0
2
0
0
224
0
0
3
0
0
0
0
0
9
0
105
0
1
13
87
8
195
4
1
0
0
31
0
0
44
164
3
0
0
0
184
0
0
21
0
0
1
0
0
11
0
11
2
0
89
60
402
0
0
0
0
0
8
192
1
1247
1
7
0
2
9
5
175
0
1
0
17
0
0
0
115
0
14
13
6
0
0
0
0
13
1
1
3
0
0
0
77
412
118
16
0
0
184
30
0
3562
36
0
0
0
0
0
14
0
0
0
177
6
8
11
1
0
0
0
117
0
36
2
14
11
0
15
0
0
2
3
311
3
0
0
0
0
0
