0
0
13
0
0
0
0
0
1
1
2
0
0
0
0
0
0
0
0
35
0
0
0
0
0
0
3
0
0
0
2
137
1
333
0
166
1
0
3
0
0
3
0
430
0
0
0
0
0
0
0
0
0
690
13
0
0
0
0
2
0
0
0
0
0
0
0
1028
1
30
0
0
0
0
0
0
0
0
0
0
0
1
0
0
1
0
0
0
1
0
0
1
0
0
0
1
0
0
0
0
0
94
271
19
0
0
0
6
270
1
60
0
0
2
61
0
1
0
0
0
0
150
138
0
923
1
1
2
0
0
0
0
0
0
1
0
648
0
1
0
3
0
0
0
0
0
0
0
0
0
0
56
1
0
0
0
0
432
0
4
0
0
3
0
10
6
0
0
3852
228
2
17
0
0
0
0
0
5
0
0
0
2
0
0
0
0
0
0
0
0
0
0
0
0
0
40
2
2
0
0
0
3019
101
0
0
68
1
104
0
170
0
0
171
146
0
0
0
0
18
0
0
0
0
0
0
0
0
7
0
1
35
1
0
0
0
0
0
0
0
0
0
0
0
0
0
0
0
0
0
0
19
0
0
0
0
0
0
0
0
0
0
0
0
0
0
0
19
0
0
0
1
6
0
0
4
29
0
0
6
0
613
3
0
1
0
0
0
0
0
0
0
0
0
9
0
1
0
4
0
0
0
0
0
0
0
0
1
1
2
0
0
0
1199
0
0
8
102
29
0
86
0
0
306
0
0
0
0
0
23
0
0
0
1
306
0
0
1
0
0
0
0
0
0
0
0
0
0
0
0
0
0
0
0
0
0
0
0
0
0
0
0
0
0
0
0
0
0
0
0
0
0
0
0
1
0
0
0
0
0
0
0
0
1
0
0
0
0
0
0
688
4
9
132
0
0
0
1
1
0
0
0
0
0
0
0
0
0
0
0
2
0
0
0
0
0
0
0
0
0
0
0
0
0
0
0
0
0
0
0
0
0
0
0
0
0
21
0
0
0
0
1
27
88
0
140
0
2
0
150
0
0
0
2
0
10
288
1
0
0
1
3
10
0
77
0
169
144
8
1
0
0
0
0
0
4
0
0
0
0
0
5
0
0
1
433
7
92
0
0
0
0
0
0
0
0
0
0
0
0
0
1
611
0
5
741
0
13
162
0
177
0
16
39
54
2
0
139
0
9
24
43
3
1
0
0
349
417
1
0
1
0
272
0
3
6
0
0
0
0
0
0
40
1
0
453
208
390
1
0
166
1
0
3
18
0
14
46
177
0
0
0
0
219
288
98
1
0
12
0
1
0
0
0
0
2
1
0
0
0
94
3
0
0
0
12
0
1
680
1282
8
0
0
99
7
2
469
1
0
1
0
0
0
0
430
0
17
0
0
25
0
72
1
7
115
171
0
1965
49
150
1
0
14
60
1
0
0
0
0
0
0
0
0
0
0
0
0
0
1
0
0
87
0
0
0
263
0
3
131
10
0
0
0
0
54
1
2
4
1
0
1
40
0
0
0
0
0
379
6
0
8
69
0
23
80
116
0
0
0
0
0
313
13
1
0
0
0
0
0
0
3166
0
247
5
0
0
0
0
1
0
0
116
0
1
0
0
14
0
0
0
0
0
7
0
1
2
203
4
2
0
0
0
0
0
0
0
0
1
0
0
0
0
0
0
0
0
0
0
0
0
0
0
0
0
0
0
0
0
0
0
0
0
20
0
0
0
0
0
1
496
0
0
107
10
0
0
91
2
5
0
0
0
0
0
2
84
2
297
0
0
532
0
1
0
0
0
12
5
955
14
0
84
326
1
222
0
0
0
22
1
66
0
29
0
0
66
0
0
0
0
0
716
0
147
0
1
0
0
0
122
44
1
0
46
2
2
0
8
1319
0
128
3
545
193
0
0
296
2
89
8
205
6
0
0
0
517
8
0
5
0
0
0
0
0
0
5
1
0
0
0
0
0
0
67
22
67
0
0
0
0
0
12
0
38
0
82
12
0
0
0
0
8
856
575
64
56
105
0
3
551
224
0
0
0
1
6
0
486
0
166
8
1
320
73
0
0
0
0
7
4
0
0
0
64
0
0
1
86
3
1
0
0
273
0
5
0
100
1
0
0
1
421
2
0
128
6
1
2
75
30
0
467
0
125
0
70
515
0
0
0
0
0
0
6
17
0
1
0
0
0
0
0
0
0
0
0
0
0
0
0
0
0
0
0
0
0
0
0
47
1
1
1
2
1
0
0
0
2
1
0
0
0
62
2
2
0
290
0
0
0
1
9
57
482
0
1738
0
0
0
2
21
0
0
0
0
0
0
0
0
1
39
1
0
0
0
88
0
0
0
0
38
0
0
1
0
0
0
0
344
39
0
0
0
19
75
0
52
0
22
0
0
0
0
0
0
0
0
0
0
0
181
386
0
0
0
0
0
0
0
0
0
0
0
0
0
245
0
0
1
1
0
261
271
15
7
18
5
29
17
19
0
268
3
0
0
0
0
0
118
1
0
0
0
0
0
0
0
0
109
0
0
0
0
0
0
0
1
0
0
0
0
1
216
4
2
0
1
0
0
0
0
0
0
0
1
0
0
1
0
162
426
0
0
0
0
0
0
0
0
0
0
0
3
5
7
0
0
419
60
0
88
0
0
93
0
774
23
333
3
0
0
1
0
0
0
0
0
0
0
0
0
0
0
1566
20
1
0
0
0
329
0
616
0
78
4
1090
0
0
1
14
217
0
6
87
2
105
3
51
0
58
111
4
207
39
2
0
1
1
1
0
0
0
0
0
0
0
0
0
15
3
303
449
129
13
0
199
127
9
0
119
299
2
133
1
0
0
0
229
22
1
28
0
284
1
0
81
10
7
0
0
65
0
10
0
0
0
0
0
0
0
0
0
0
0
25
0
0
0
0
0
0
1
0
0
186
0
1
1
7
0
0
32
16
1
0
4
0
0
0
0
0
5
1
219
1
123
6
2
0
0
1
0
0
1
0
0
875
7
2
0
0
0
87
0
0
0
0
0
0
0
0
0
0
0
0
1004
0
118
3
2
0
3
2
0
2
326
6
1
0
0
0
0
0
369
0
0
0
0
0
0
0
0
0
0
0
0
0
2
0
0
0
0
0
28
1
0
0
0
0
0
0
785
7
5
21
1
0
0
2
1
0
0
0
0
0
0
0
0
0
0
0
0
0
1
0
0
0
0
0
0
0
17
0
20
0
2
51
0
2
0
0
0
0
896
138
0
0
1
0
0
1
49
401
3
2
4
0
21
0
0
0
0
0
487
0
0
0
0
4
0
0
0
628
4
1
28
0
0
0
56
0
0
2
3
2
0
2
6
0
0
0
2
0
0
0
0
0
0
0
0
0
0
0
344
0
18
0
452
1
7
1
0
20
24
0
0
40
165
52
44
2
382
1
0
1
174
0
0
0
0
0
0
0
7
1
1
0
0
1
1
0
0
0
1
0
0
1
0
16
235
0
0
0
0
0
1
0
0
0
71
0
0
0
0
1
0
419
4
0
0
0
744
5
0
5
16
1
2
0
0
0
1
0
285
3
0
3
0
0
0
131
0
348
0
0
460
0
275
0
170
2
0
452
569
3
1
260
0
1
1
1
169
0
56
169
0
0
0
29
25
0
1
0
0
1
109
3
0
2
0
0
491
0
0
0
0
0
0
0
0
0
0
0
0
276
1
1
0
0
33
0
0
0
35
6
372
1
46
2
0
0
2
0
0
0
0
48
0
62
1
0
14
114
0
0
1
1
2512
2
823
123
2
570
0
15
51
0
192
37
99
0
36
0
0
0
0
0
0
0
0
0
0
0
0
0
91
5
9
71
4
0
0
0
0
0
0
0
0
0
0
0
0
211
135
0
0
0
0
0
0
0
0
75
184
29
526
1
0
5
6
0
0
0
0
0
0
0
0
0
0
0
0
0
0
0
0
0
0
0
0
0
0
0
0
0
0
0
0
1
0
0
0
0
0
0
0
0
0
0
0
0
0
0
0
0
0
0
0
0
0
0
0
24
0
0
0
4
105
0
2
0
0
243
4
0
855
0
0
0
10
169
0
0
1
200
8
0
0
11
0
0
0
340
465
168
0
0
0
0
0
0
0
0
0
0
0
0
10
0
0
0
0
0
0
35
0
0
0
0
0
0
0
0
0
0
0
0
0
0
0
0
0
0
0
42
2
1
0
0
0
0
52
0
0
0
0
0
0
0
0
0
0
0
0
0
0
0
0
0
0
0
0
0
0
0
0
0
0
0
0
0
0
0
0
0
0
0
0
0
0
1
0
292
106
0
159
0
1
0
20
0
0
0
0
5
0
0
0
0
0
0
6
156
0
1
0
1
0
91
2
309
0
6
0
0
0
0
0
6
0
0
1
5
1500
6
153
0
0
1
1
0
0
0
0
0
0
0
0
0
0
140
3
0
149
0
0
0
0
57
0
0
0
0
0
0
0
0
0
0
0
0
0
0
0
14
1
0
0
1
1
0
1
0
0
3
0
0
0
0
0
0
529
0
421
0
1
1
8
1
0
0
0
0
54
1
0
5
0
0
0
0
0
6
4
288
3
580
18
0
4
1
1
0
191
2
0
3
2
0
522
0
41
354
0
0
0
0
2
24
0
0
0
0
0
0
0
0
0
0
0
0
0
0
0
5
13
260
1
0
0
0
0
0
0
0
128
169
0
18
0
0
32
34
11317
0
0
0
1
0
177
2
2
0
59
192
37
0
52
1
2
80
0
1
0
0
0
1
0
0
0
168
4
5
1505
46
0
426
5
0
0
10
259
360
0
0
0
126
0
0
0
0
0
0
0
1
56
0
15
0
186
3
139
14
0
11
0
0
4
0
0
296
1
511
1
13
1739
175
7
0
0
0
0
0
103
0
0
114
1
53
16
0
4
138
0
0
0
0
6
0
83
0
0
22
77
2
0
0
3
0
20
0
0
16
836
0
168
1209
1
0
142
126
0
1
2
0
256
0
0
211
0
0
17
1
3
5
0
0
10
78
0
2
1
11
6
16
64
173
96
0
2
193
0
67
0
0
1
1
4
986
38
0
269
10
0
21
0
0
85
0
0
0
0
2
205
5
26
0
0
0
1
0
383
3
35
0
0
0
0
0
0
0
87
3
0
0
0
0
0
0
9
0
0
0
0
0
1
0
0
0
11
40
4
11
13
7
15
14
46
0
7
0
2
0
130
3
0
0
0
0
0
2515
5
10
25
0
0
0
25
0
0
0
1
767
11
3
0
3
5
6
14
0
5
0
0
0
428
5
0
0
0
0
0
0
0
0
0
1
0
0
0
101
4
1
0
0
0
0
0
0
0
0
0
0
0
0
2
203
110
2
86
131
180
8
0
57
0
0
5
0
0
0
1
0
0
0
0
0
0
0
0
0
0
0
0
0
1
0
0
0
0
0
0
0
0
0
0
0
0
0
3
0
0
0
0
0
0
0
0
0
0
22
0
0
0
0
1
0
1
0
0
0
0
0
801
701
3
0
36
1
0
0
0
0
0
1
0
1
1676
120
74
0
14
163
5
0
2
0
283
19
1029
303
1
0
0
0
19
26
0
109
0
0
0
0
716
19
265
1
0
0
1
0
113
587
1
1
0
1
0
0
207
4
5
0
0
0
0
1
0
186
1
1
2
1
0
0
0
6101
0
2
9
53
0
1
0
0
0
0
3
0
0
3
110
24
328
2
15
0
241
0
1
61
1
0
34689
12
0
697
1
1
1
0
0
265
18
1077
0
0
0
0
0
0
0
66
78
1
5
256
14
342
440
0
0
17
1
2
0
0
0
0
0
0
151
1
1
0
7
17
26
0
486
0
0
0
0
0
0
0
0
0
0
0
0
1
0
0
0
0
267
6
0
2
0
0
0
2
0
0
0
0
0
26
1
0
139
162
3
455
2
0
0
3
0
1
4
0
0
1
1
0
2
0
0
0
0
550
6
0
13
6
0
0
87
0
237
0
0
0
0
0
0
0
0
0
0
51
0
7
64
1
1
1
584
0
0
1
0
0
2
0
3
1
404
0
0
0
125
0
26
0
0
9
0
0
0
0
79
197
0
7
0
719
1
1
202
289
0
1
0
0
0
0
0
62
1
1
3
33
0
0
1
0
0
96
206
11
25
0
1
1
6
0
1
38
0
55
44
91
37
0
10
0
0
0
0
0
0
0
0
258
0
0
0
0
0
0
0
0
0
539
78
7
16
487
5
0
17
1044
7
4
0
0
0
0
0
113
3
0
43
1
0
0
293
0
0
0
5
0
0
1
3
98
0
0
0
0
0
2
0
6
0
2
44
0
322
0
0
0
0
0
0
0
0
0
0
1
2
0
0
750
0
0
0
0
353
0
0
303
187
0
2
0
0
202
3
3
0
0
0
0
0
3
0
0
1006
19
0
0
0
0
695
8
212
532
3
0
347
0
0
0
1
31
15
1
0
13
529
0
1
5
41
1
1
1
0
0
47
0
0
8
1
65
0
0
0
5
360
20
0
1
36
3
22
702
3
52
73
48
466
0
0
24
29
155
19
1
0
0
130
2
182
4
2
485
0
0
9
0
0
0
8
6
13
0
0
0
0
10
1
1
0
0
0
0
0
10
2
0
1
20
0
416
1364
2
2
315
0
811
95
2
0
0
0
336
431
0
0
7
283
0
0
13
13
72
1
1
9
0
3
0
14
0
0
0
0
0
0
0
0
0
0
0
0
0
0
0
0
0
2
0
0
5
22
5
0
0
0
9
8
0
0
0
0
77
44
10
0
0
46
9
61
4
0
109
0
0
0
0
0
0
0
0
0
0
0
0
0
0
16
0
0
0
0
0
0
0
0
3
4
0
0
270
6
7
63
0
0
16
1
0
0
0
0
0
0
0
0
0
0
0
0
96
2
1
0
2
0
40
1
0
0
0
1
2
1
88
5
0
0
0
3
0
0
1
256
0
0
0
2
0
0
296
0
0
3
3
0
0
217
0
0
0
8
1
236
0
0
0
16
5
0
0
0
28
0
48
1
246
97
0
716
0
0
231
2
2
680
0
126
0
8
202
15
4
7
1
0
0
373
0
54
0
1
196
8
0
202
19
17
2
103
0
0
0
291
17
313
1
0
101
0
0
0
0
0
0
183
0
79
1021
3
0
0
1
0
0
0
0
0
1
0
118
1
0
277
3
2
1
2
0
363
0
0
343
1
243
1
0
122
169
0
5
0
1
0
0
0
13
0
46
0
0
8
0
206
78
2372
5
184
1
1140
7
0
0
0
0
0
6
1
0
0
0
0
0
0
0
0
0
12
1
3
552
0
0
180
20
0
0
0
0
372
0
0
6
317
0
0
0
3
443
1
777
0
0
0
0
0
0
28
0
0
0
0
0
0
92
1
0
0
46
2
0
0
0
0
0
0
0
0
0
0
0
105
16
11
0
37
0
0
0
2
0
0
0
0
194
0
0
9
0
0
0
0
0
6
0
66
0
3
6
74
4
105
1
0
0
0
33
0
0
41
140
3
0
1
0
147
0
0
21
3
0
6
0
0
5
0
8
0
0
117
63
540
0
0
0
0
0
6
158
1
882
0
1
0
1
12
2
188
1
1
0
10
0
0
0
74
0
9
6
5
1
0
0
0
13
3
1
3
0
0
0
69
305
115
8
1
0
155
142
1
2626
17
0
0
0
0
0
11
0
0
0
128
9
1
3
0
0
0
0
165
5
23
1
5
1
1
18
0
0
0
4
367
3
0
0
0
0
0
