0
0
12
0
3
1
0
0
2
2
1
2
0
0
0
0
0
0
0
28
2
0
0
0
0
0
2
3
0
0
5
91
0
231
0
177
2
0
3
0
1
2
0
265
0
0
0
0
0
0
0
0
0
523
13
0
0
0
0
0
0
0
1
0
0
0
0
936
3
40
1
0
0
0
3
0
0
0
0
0
0
0
0
0
0
0
0
0
0
0
0
0
0
0
0
0
0
0
0
0
1
106
212
21
0
4
0
8
239
0
50
0
0
1
44
0
3
0
1
0
0
112
148
1
894
0
5
2
0
0
0
0
0
0
0
0
459
0
0
0
0
0
0
0
0
0
0
0
0
0
0
48
0
0
0
0
0
346
4
6
0
1
8
1
10
14
0
0
2952
215
4
31
0
0
0
0
0
2
0
0
2
1
1
0
3
0
0
0
0
0
0
0
0
0
0
24
1
2
0
0
0
2308
73
0
2
80
1
90
1
131
0
0
147
91
0
0
0
0
16
0
0
0
0
0
0
0
1
23
1
4
31
0
0
0
0
0
0
0
0
0
0
0
0
0
0
0
0
0
0
0
45
0
0
0
0
0
0
0
0
1
0
0
0
0
0
0
23
0
0
0
0
4
0
0
2
38
0
0
4
1
102
0
0
1
0
0
0
0
0
0
0
1
0
15
0
2
1
1
0
0
0
0
0
0
0
0
0
1
3
0
1
1
1342
0
0
11
100
14
0
78
0
0
381
0
0
0
0
0
35
1
0
1
1
229
0
0
0
0
0
0
0
0
0
0
0
0
0
0
0
0
0
0
0
0
0
0
0
0
0
0
0
0
0
0
0
0
0
0
0
0
0
0
0
0
0
0
0
0
0
0
0
0
1
0
0
0
0
0
0
477
10
15
110
0
0
0
0
0
0
0
0
0
0
0
0
0
0
0
0
1
0
0
0
0
0
0
0
0
0
0
0
0
0
0
0
0
0
0
0
0
0
0
0
0
0
14
0
2
1
1
0
16
49
0
148
1
6
0
148
0
0
0
4
0
17
270
2
0
0
0
1
21
0
49
0
123
148
6
4
0
0
0
0
0
1
0
0
0
0
0
6
0
0
4
307
9
44
0
0
0
0
0
0
0
0
0
0
0
0
0
3
504
0
13
538
0
8
203
0
151
0
19
49
58
1
0
89
0
13
23
38
6
0
0
0
264
277
0
0
1
0
253
0
6
5
1
0
0
0
0
0
50
1
1
346
133
314
2
4
146
3
0
1
12
0
15
52
191
0
0
0
0
204
300
78
2
0
16
0
0
0
0
0
0
3
0
0
0
0
73
0
0
0
0
6
1
0
540
853
2
0
0
78
11
2
262
3
0
1
0
0
0
0
315
0
3
0
2
39
5
76
4
9
27
32
1
1178
50
105
1
1
10
67
0
0
0
0
0
0
0
0
0
0
0
0
0
0
0
0
0
77
0
0
0
195
0
2
95
4
0
0
0
0
42
0
5
0
0
0
2
47
0
0
0
0
0
394
9
0
6
70
0
25
61
86
0
0
0
1
0
266
28
1
4
1
0
0
0
0
4257
0
299
9
0
0
0
1
0
0
0
97
0
1
0
2
9
0
0
0
0
0
9
0
2
2
206
4
3
0
0
0
0
0
0
0
0
0
0
0
0
0
0
0
0
0
0
0
0
0
0
0
0
0
0
0
0
0
0
0
0
0
9
0
0
0
1
0
0
429
1
0
203
5
0
0
90
0
4
0
0
0
1
0
0
89
2
211
0
0
474
2
0
0
1
0
19
5
767
14
1
73
206
2
213
0
0
0
19
0
44
0
31
0
0
30
0
0
0
0
0
530
0
110
1
0
1
0
0
113
27
1
0
40
7
4
0
3
1031
0
128
3
417
172
0
0
260
0
136
7
260
3
2
0
0
275
49
0
11
0
0
0
0
0
0
1
0
0
0
0
0
0
1
40
15
45
0
0
0
0
0
18
1
21
3
34
4
0
0
0
1
4
790
427
43
61
68
0
4
378
159
0
0
1
2
10
0
412
0
138
11
1
283
47
0
0
0
0
6
0
1
3
0
48
0
0
0
71
1
0
0
0
226
0
8
0
175
1
0
1
1
343
4
0
82
4
1
5
73
43
0
500
0
74
1
88
556
1
3
1
0
0
2
8
15
0
1
0
0
0
0
0
2
0
0
0
0
0
0
0
0
0
0
0
0
0
0
0
36
3
1
1
2
0
0
0
0
1
0
0
0
0
81
0
1
0
265
0
0
1
3
7
62
364
1
1539
0
1
0
2
7
0
0
0
0
0
0
0
0
0
29
0
0
0
0
91
0
0
0
1
48
0
1
0
0
0
0
0
285
24
0
0
0
23
44
0
37
0
22
0
0
0
0
0
0
0
0
0
0
0
120
416
0
0
0
0
0
0
0
0
0
0
0
0
0
206
0
2
0
0
0
223
214
18
25
14
8
32
20
29
2
152
0
0
0
5
0
0
71
3
0
0
0
0
0
0
0
0
128
0
1
0
0
2
7
0
1
0
0
0
4
1
218
4
10
0
0
0
0
0
0
0
0
0
3
0
0
0
0
172
625
0
0
0
0
0
0
0
0
0
0
0
5
14
7
0
0
628
36
0
78
0
0
73
0
560
36
322
0
0
0
0
0
0
0
0
0
1
1
0
0
0
0
1999
9
0
0
0
0
281
0
420
0
60
1
858
0
1
2
19
140
0
2
63
6
71
1
38
1
34
68
4
170
17
1
0
1
0
1
0
0
0
0
0
0
0
0
0
6
0
198
250
83
12
0
131
79
16
0
138
326
1
87
0
0
0
0
170
22
0
31
0
255
1
0
68
8
4
1
0
41
0
18
0
0
0
0
0
0
0
0
0
0
0
18
0
0
0
0
0
0
2
0
0
179
0
5
0
3
0
0
40
22
0
0
5
0
0
0
0
0
13
0
137
0
99
7
0
0
0
0
0
0
0
0
1
689
12
7
0
0
0
98
1
1
1
0
0
0
0
0
0
1
0
0
1134
0
101
1
5
0
11
11
0
3
310
7
1
0
0
0
0
0
333
0
1
0
0
0
0
0
0
0
1
0
0
0
0
0
0
0
0
0
30
3
1
0
0
0
0
0
860
3
10
13
0
0
0
3
5
0
0
0
0
1
0
3
0
0
0
0
0
1
0
0
0
0
0
0
0
0
20
0
17
1
1
61
0
5
0
0
0
0
548
89
0
0
0
0
0
0
37
277
0
8
3
0
21
0
0
0
0
0
380
0
0
0
0
6
0
0
0
511
2
0
39
0
0
0
68
0
3
1
1
3
1
2
11
4
0
0
6
1
0
0
0
0
0
0
1
0
0
0
294
0
103
1
575
1
12
1
0
14
26
0
0
38
175
115
90
0
235
1
1
5
134
0
0
0
0
0
0
0
4
0
0
0
0
2
0
3
1
1
0
0
0
0
0
11
169
0
0
0
0
0
0
0
0
0
53
0
0
0
0
0
0
374
7
0
0
0
427
13
1
2
17
0
5
0
0
0
0
0
179
0
0
2
0
0
0
112
0
451
0
0
347
0
114
0
77
0
0
286
511
4
2
164
2
1
0
1
107
0
30
152
0
0
0
12
21
0
0
1
0
0
93
5
0
2
0
0
328
0
0
0
0
0
0
0
0
0
0
0
0
262
0
0
0
0
27
0
0
1
23
7
313
1
31
3
0
0
7
0
0
0
0
40
0
43
2
0
13
92
0
0
1
0
2752
5
734
86
8
486
0
15
48
0
113
27
64
0
39
0
0
0
0
0
0
0
0
1
0
0
0
0
81
3
9
87
2
0
0
3
0
0
0
0
0
0
0
0
0
160
195
0
0
0
0
0
0
1
0
73
146
28
313
2
0
11
12
0
1
0
0
0
0
1
0
0
0
0
0
0
0
0
0
0
1
0
0
0
0
0
0
0
0
0
0
1
0
0
0
0
0
0
0
0
0
0
0
0
0
0
0
0
0
0
0
0
0
0
0
13
1
0
0
6
91
1
0
0
0
286
18
0
629
0
0
0
5
101
1
2
0
137
7
0
0
18
1
0
0
212
354
179
0
0
0
0
0
0
0
0
0
0
0
0
3
0
0
0
0
0
0
22
0
0
0
0
0
0
0
0
0
0
0
0
0
0
1
0
0
0
0
28
1
2
0
0
0
0
57
0
0
0
0
0
0
0
0
0
0
0
0
0
0
0
0
0
0
0
0
0
0
0
0
0
0
0
0
0
0
0
0
0
0
0
0
0
0
1
0
272
140
0
180
0
4
0
16
0
0
0
0
11
0
0
0
0
0
0
9
122
0
0
0
0
0
65
0
372
0
12
0
1
0
0
0
7
0
0
1
1
980
2
196
0
0
0
1
0
0
0
0
0
0
0
0
0
0
96
1
0
123
2
0
0
0
35
0
0
0
0
0
0
0
0
0
0
0
0
0
0
0
12
0
0
0
0
0
0
0
1
2
0
0
0
0
0
0
0
426
0
309
0
0
0
5
0
0
0
0
0
60
1
3
0
0
0
0
0
0
3
2
277
2
441
12
2
0
1
1
1
262
0
2
8
7
0
392
1
38
327
0
0
0
0
3
20
0
0
0
0
0
0
0
0
0
0
0
0
0
0
0
12
13
282
0
0
0
0
0
0
1
1
108
146
1
13
0
0
28
20
5471
1
0
0
0
0
138
0
8
0
40
157
25
0
62
0
2
92
2
0
7
0
0
2
0
0
4
235
4
14
1322
18
0
365
9
0
0
2
278
338
0
0
1
98
0
1
0
0
0
0
0
0
26
4
16
1
116
1
94
9
3
11
0
0
5
0
0
297
0
321
0
10
1324
233
16
0
0
0
0
0
67
0
0
80
1
61
16
0
8
117
0
1
0
0
15
0
65
0
0
23
96
1
0
0
5
0
8
0
0
16
605
0
137
805
1
0
96
93
1
1
1
0
188
0
0
221
3
0
12
1
2
6
0
0
5
45
2
4
1
8
5
5
53
169
68
0
12
136
0
73
0
0
0
0
6
861
37
0
237
5
0
26
0
0
51
0
0
0
0
0
148
0
20
0
0
0
0
0
270
2
14
2
0
0
0
0
0
0
112
11
0
0
0
0
0
0
9
0
0
0
0
0
0
1
0
0
24
75
6
21
25
3
24
65
88
0
26
0
7
1
105
5
0
0
0
0
0
1502
5
11
29
0
0
0
10
0
0
0
0
649
18
7
4
2
13
5
14
0
9
1
0
0
365
9
0
0
0
0
0
0
0
0
0
0
0
0
0
52
5
1
0
0
0
0
0
0
0
0
0
0
0
0
2
244
97
3
67
102
161
22
0
26
0
0
3
0
0
0
4
0
0
0
0
0
0
0
0
0
0
0
1
0
0
0
0
0
0
0
0
0
0
0
0
0
0
0
0
0
0
0
0
0
0
0
0
0
0
37
0
0
0
0
7
0
1
3
0
0
0
0
643
618
3
0
59
3
0
0
0
0
0
0
0
7
1157
130
74
0
3
164
5
0
0
0
274
8
719
255
0
0
0
0
25
26
1
96
0
0
0
0
561
22
231
3
0
0
1
0
116
556
4
2
2
0
0
0
349
3
1
0
0
0
0
2
0
187
6
0
2
0
1
0
0
2592
0
1
11
61
0
0
1
0
0
0
2
0
0
8
162
18
250
2
25
0
209
0
0
33
1
1
28444
17
2
636
0
2
2
0
0
185
15
861
0
0
0
0
0
0
0
74
46
2
3
188
14
354
331
0
0
12
0
2
0
1
0
0
0
1
103
4
4
1
8
18
18
0
478
0
0
0
0
0
0
1
0
0
0
0
0
2
0
0
0
0
266
15
4
2
0
0
0
4
0
0
0
0
0
33
2
0
92
121
1
415
9
0
4
3
5
3
2
6
0
1
0
1
5
0
0
0
0
436
7
4
18
4
1
0
77
0
268
0
0
0
0
0
0
0
0
0
0
40
0
4
52
1
0
0
373
0
1
1
0
0
0
0
0
2
270
0
0
0
118
0
28
1
1
19
0
0
0
0
83
190
0
1
0
734
1
2
123
84
0
1
0
0
0
0
0
52
1
0
0
24
0
0
1
0
0
63
164
6
17
0
1
1
4
2
3
16
0
47
28
86
33
0
8
0
0
0
0
0
0
0
0
226
0
0
0
4
0
0
0
0
0
366
64
9
17
479
5
2
22
968
13
7
0
0
0
0
0
102
3
0
32
0
0
0
168
0
0
0
1
0
0
0
3
79
0
0
0
0
0
8
0
10
0
1
34
2
236
0
0
0
0
0
0
0
0
0
0
1
3
0
0
461
1
0
0
0
272
0
0
239
115
0
4
1
0
200
10
13
0
0
0
0
0
2
0
0
863
12
0
0
0
0
613
18
256
360
0
0
260
0
0
0
5
30
14
2
0
24
375
1
0
3
29
0
0
1
0
0
25
0
0
9
0
38
0
0
0
1
269
13
1
3
31
2
20
471
1
40
75
32
350
0
0
14
24
103
28
1
0
0
71
3
111
0
0
329
5
0
8
0
0
0
8
8
10
0
0
0
0
11
2
0
0
0
0
0
2
17
1
0
1
17
0
362
1182
3
5
219
1
605
108
1
0
0
0
261
166
0
0
8
185
0
0
14
19
99
0
2
13
5
2
0
12
0
0
0
0
0
0
0
0
0
0
0
0
0
0
0
0
0
1
0
0
1
19
7
1
0
0
5
13
0
1
0
0
38
41
20
0
0
61
12
67
2
0
43
0
0
0
0
0
0
0
0
0
0
0
0
0
0
7
0
0
0
0
0
0
0
0
2
6
1
0
229
2
12
38
0
0
9
0
0
0
0
0
0
0
0
0
0
0
0
0
76
2
0
1
0
2
44
0
0
0
0
0
2
2
54
2
0
2
1
3
0
0
0
253
0
0
0
1
0
2
227
2
0
2
0
0
0
198
0
0
0
8
0
280
5
0
0
7
7
0
0
0
38
0
38
0
134
66
0
652
0
0
186
0
4
502
0
86
0
6
193
44
4
13
1
0
0
273
0
48
0
0
169
7
0
209
17
6
0
84
0
0
0
319
16
318
4
1
106
0
0
0
0
0
0
166
0
73
796
6
0
1
1
0
0
0
0
0
0
0
96
0
0
250
2
3
4
2
0
270
0
0
208
0
250
0
1
143
208
0
4
0
1
0
0
0
18
0
65
2
0
10
0
136
93
1537
2
161
1
402
5
0
0
0
0
0
8
0
0
0
0
0
0
0
0
0
0
7
0
1
436
0
0
149
14
1
0
0
0
401
0
0
3
214
0
0
0
2
312
3
831
2
0
0
0
0
0
28
0
0
0
0
0
0
43
0
0
0
57
1
0
0
0
0
0
0
0
0
0
0
0
79
28
8
0
47
3
1
3
4
0
1
0
0
161
0
0
5
0
2
0
0
0
6
0
59
0
2
10
64
5
101
2
0
0
0
30
0
0
28
167
1
0
0
0
139
1
0
17
3
0
1
0
0
8
0
7
0
0
80
56
380
0
1
0
1
0
4
136
0
772
2
1
0
1
5
3
118
0
1
0
11
0
1
0
96
0
10
5
6
0
0
0
0
15
2
1
2
0
1
0
54
294
116
7
0
0
98
54
2
3564
22
0
0
0
0
0
2
0
0
0
120
4
5
7
0
0
0
0
130
4
31
1
8
3
0
13
0
0
2
1
269
4
0
0
0
0
0
