3467450
3467449
3467448
3467447
3467446
3434961
3428514
3428513
3428512
3428511
3428510
3428509
3428508
3428507
3428506
3428505
3428504
3428503
3428502
3428501
3428500
3413229
3413228
3402189
3399459
3393935
3117543
3117542
3115367
3108414
3108413
3108412
3108411
3108410
3108409
3108408
3108407
2938350
2917295
2917294
2915136
2901325
2884179
2878086
2870395
2870394
2870393
2870369
2870353
2854795
2849475
2849125
2849105
2849104
2849103
2849102
2849101
2847791
2829137
2816942
2816941
2816940
2793986
2777147
2777146
2777145
2777144
2777143
2777141
2777140
2777139
2777138
2777137
2777136
2777135
2777134
2777133
2777132
2777131
2772502
2772501
2768765
2768764
2768763
2763914
2763913
2760820
2760819
2760818
2760813
2760812
2760811
2760810
2760809
2749421
2723667
2691036
2650411
2598441
2555550
2487725
2487724
2220002
2169885
2169884
2152662
2094116
2045080
2045079
2045078
2045077
2045076
2045075
2045074
2045073
2045072
2045071
2045070
2045069
2045068
2045067
2045066
2045065
2045064
2040663
2035045
2032983
2018683
2017721
2017720
2015550
1929150
1917412
1917079
1917071
1917070
1849328
1826059
1790067
1790059
1690263
1690262
1637527
1604871
1604833
1569923
1530250
1530249
1530248
1530247
1530246
1523294
1523293
1523292
1523291
1523290
1523289
1523288
1523287
1523286
1523285
1523284
1523283
1523282
1523281
1523280
1523279
1523278
1523277
1523276
1523275
1523274
1523273
1523272
1523271
1523270
1523269
1523268
1523267
1523266
1523265
1523264
1523263
1523262
1521109
1501435
1442164
1435148
1418070
1418069
1418067
1418066
1418065
1418064
1418062
1418043
1418042
1418041
1418035
1418033
1418031
1406975
1393024
1393023
1393022
1393021
1393020
1393019
1393018
1393016
1393015
1393014
1393013
1393012
1393011
1330521
1330520
1329782
1295563
1295562
1248333
1248332
1248331
1248136
1245566
1245565
1245564
1240004
1225730
1220265
1219419
1219416
1219413
1219407
1219406
1219405
1219404
1219381
1219380
1219379
1219378
1219377
1219376
1196228
1194444
1193974
1156749
1141754
1134340
1133974
1077430
1072677
1072676
1033850
1028489
1006008
992231
992230
991902
991803
990147
947523
941321
941320
941319
941318
941317
941316
941315
941314
941313
941312
941311
941310
941309
941308
941307
941306
941305
941304
941303
941302
941301
941300
941299
941298
941297
941296
941295
941294
941293
941292
941291
941290
941289
941288
941287
941286
941285
941284
941283
941282
941281
909397
909396
909395
909394
909393
909392
909391
909390
864561
864560
864559
864558
862243
861519
764268
764267
764266
764265
764264
764263
764262
764261
764260
764259
764258
764257
764256
764255
764254
764253
764252
764251
764250
764249
764248
764247
764246
764245
764244
764243
764242
764241
764240
764239
764238
764237
764236
754527
741962
741961
741960
741959
741958
741957
741956
741955
662896
655428
650130
647374
647373
647372
647371
647370
647369
647368
647367
647366
631429
631428
631427
631426
631425
631424
631423
631422
631421
631420
631419
631418
631417
631416
631415
630720
630719
630718
630717
630716
630715
611764
611763
611762
611761
611760
611759
611758
611757
611756
611755
611754
611753
611752
611751
611750
611749
611748
611747
611746
611745
611744
611743
611742
611741
611740
611739
611738
611737
611736
611735
611734
611733
611732
611731
611730
611729
611728
611727
611726
582384
577566
573824
568372
568371
568370
568369
568368
568367
568366
568365
568364
568363
568362
568361
568360
568359
568358
568357
568356
568355
568354
568353
568352
568351
568350
568349
568348
568347
568346
568345
568344
568343
568342
568341
568340
568339
568338
568337
568336
568335
568334
568333
568332
568331
568330
568329
568328
568327
568326
568325
568324
568323
568322
568321
568320
568319
568318
568317
568316
568315
568314
568313
568312
568311
568310
568309
568308
568307
546729
546728
546727
546726
546725
546723
546722
546721
546720
546719
546718
546717
546716
546715
546714
546713
546712
546711
546710
546709
546708
546707
546706
546705
546704
546703
546702
546701
546700
546699
546698
546697
546696
546695
546694
546693
546692
546691
546690
546689
546688
546687
546686
546685
546684
546683
546682
546681
546680
546679
546678
546677
546676
537593
537592
537591
537590
537589
537588
537587
537586
537585
537584
537583
537582
537581
537580
537579
537578
537577
537576
537575
537574
537573
537572
537571
537570
537569
537568
537567
537566
537565
537564
537563
537562
537561
537560
537559
537558
537557
537556
537555
537554
537553
537552
537551
537550
537549
537548
537547
537546
537545
537544
537543
537542
537541
537540
537539
537538
537537
537536
537535
537534
537533
537532
537531
537530
537529
537528
537527
537526
537525
537524
537523
537522
537521
537520
537519
537518
537517
537516
537515
537514
537513
537512
537511
537510
537509
537508
532102
532101
532100
532099
532098
532097
532096
532095
532094
532093
532092
532091
532090
532089
532088
532087
532086
532085
532084
532083
532082
532081
532080
503457
503456
503455
503454
503453
503452
503451
503450
503449
500056
500055
500054
500053
500052
500051
500050
500049
500048
500047
500046
500045
500044
500043
500042
500041
500040
500039
500038
500037
500036
500035
500034
500033
500032
500031
500030
500029
500028
500027
500026
500025
492576
481517
481516
481515
481514
481513
481512
481511
481510
481509
481508
481507
481506
481505
481504
481503
481502
481501
481500
481499
481498
481497
481496
481495
481494
481493
481492
469959
463676
442860
442859
442857
442856
442854
442853
442852
442851
435275
433732
433731
433730
412463
408681
407972
407971
407970
407969
407968
407967
407966
407965
379525
372785
372784
363231
363191
348531
332479
332478
332477
332476
329690
329689
329688
325447
325446
325445
322073
321844
318573
318571
318570
318569
318568
318567
318566
318565
318564
318563
317880
317879
310907
310756
310755
306588
306587
306586
297248
287018
282345
270338
269638
268972
267429
263532
263531
235406
232146
232145
232144
232143
232142
232141
232140
232139
232138
232137
232136
232135
232134
232133
232132
232131
232130
232129
232128
232127
232126
232125
232124
232123
231474
231473
231417
230161
222889
222888
222887
220411
220410
220409
220228
201466
200154
185946
185945
185944
185943
185942
185941
185940
185939
185938
185937
185936
185935
185934
185933
185932
185931
185930
185929
185928
185927
185926
185925
185924
185923
185922
185921
185920
185919
185918
185917
185916
185915
185914
185913
185912
185911
185910
185909
185908
185907
185906
185905
185904
185903
185902
185901
185900
185899
185898
185897
185896
185895
185894
185893
185892
185891
185890
185889
184754
184753
176284
176283
172038
172028
172022
171720
169066
167331
167330
167329
167328
167327
167326
167325
167324
167323
167322
167321
156647
155431
155430
155429
152635
152634
152633
152632
150904
150846
150720
150719
150718
150717
150716
150715
147727
147726
147725
147724
147723
147722
147721
147720
147714
147712
147711
147685
147684
147683
147681
147680
147679
147678
147677
147676
147675
147674
147673
147672
145390
145389
138951
138950
138949
138948
138694
135855
135790
135788
135733
129215
123738
120087
119524
118047
118046
118045
118044
118043
111551
110928
110927
106968
106966
106608
106607
103922
103915
103914
103913
103910
103909
103908
103907
103906
103905
103904
103903
103902
90011
90010
86108
86107
82639
74561
69159
69153
64141
53259
47681
47517
47516
47515
47514
47513
47512
47511
47510
47509
47508
47507
47506
47505
47504
47503
47502
47501
46633
46018
45999
45101
44137
44136
44135
44134
44133
44132
44131
44130
44129
44128
42789
42788
42787
42786
42785
42784
42783
42782
42781
42780
42779
42778
42776
42775
42774
42773
42772
42771
42770
42769
41846
40280
40278
39767
39054
36404
35295
35294
35293
33758
33757
31915
31708
31705
31704
12135
12134
12132
12131
12130
12090
12089
12088
12087
12086
12085
12084
12083
12082
12081
12080
12079
12078
12077
12076
12075
12074
12073
12072
12071
12070
12069
12068
12067
12066
12065
12064
12062
12060
12059
