0
0
65
0
13
9
2
0
5
3
9
18
0
0
0
0
0
1
0
123
5
4
0
0
3
1
8
6
1
4
15
545
5
784
0
652
4
12
26
7
19
38
0
1914
0
0
0
0
0
0
0
0
0
1995
127
0
0
0
0
1
0
0
2
0
0
0
0
1940
8
286
1
0
0
0
45
0
1
0
0
0
0
9
0
0
0
0
0
0
0
0
0
0
0
1
0
0
0
1
1
0
7
376
565
77
2
26
0
72
1266
1
310
3
2
35
255
3
7
0
1
0
0
651
862
11
3416
15
30
15
3
2
0
0
0
0
0
0
1138
1
5
0
10
0
0
0
1
0
0
1
0
0
0
207
10
0
0
0
0
1384
21
56
2
12
40
7
144
76
1
1
11185
558
21
1
0
1
0
0
0
19
1
2
2
13
1
0
5
0
0
1
0
0
0
0
0
1
0
160
11
8
0
0
0
9411
226
0
5
250
6
415
5
536
3
1
470
225
0
0
0
0
52
0
2
0
0
0
5
0
0
169
9
31
190
1
0
0
0
0
0
0
0
0
0
0
0
0
0
0
0
0
0
0
342
0
0
2
0
0
1
0
0
0
0
0
0
0
0
0
482
0
0
0
1
36
0
0
28
324
0
0
17
2
219
5
0
2
1
1
0
0
0
0
0
2
1
135
14
10
19
21
0
0
1
0
0
0
0
0
4
4
66
0
14
0
2945
1
1
90
396
70
1
431
1
0
5619
8
0
0
0
0
89
6
2
1
5
747
0
0
0
0
1
0
0
0
0
0
0
0
0
0
0
0
0
0
0
0
0
0
0
0
1
0
0
0
0
0
0
0
0
0
0
0
0
0
0
2
0
0
0
0
0
0
0
0
3
0
0
0
0
0
0
1983
62
67
739
1
0
0
3
5
0
2
2
0
0
0
0
0
0
0
0
0
0
0
1
0
0
0
0
0
0
0
0
0
0
0
0
0
1
0
0
0
0
0
0
0
0
215
1
28
4
3
0
145
303
1
1072
1
9
0
764
4
0
0
49
1
129
925
37
0
0
0
21
196
0
254
1
704
724
81
3
0
0
0
0
0
1
0
0
0
0
0
51
0
0
29
1646
77
227
0
0
0
0
0
2
0
0
0
1
0
0
0
3
1083
0
42
4787
0
33
663
4
766
0
98
353
302
25
0
419
0
30
106
293
14
8
0
0
1074
1490
0
0
4
1
1374
3
35
67
1
0
0
0
0
0
299
9
6
1373
485
1336
23
3
444
7
18
35
79
0
61
351
650
0
0
1
0
988
1913
408
22
0
152
9
8
3
2
0
0
17
5
0
0
0
384
26
2
0
0
339
14
18
1622
4280
121
0
0
280
43
6
1417
18
0
7
0
2
1
0
1729
0
38
0
2
228
22
559
36
71
441
634
6
2692
198
326
0
5
37
206
4
0
0
0
0
0
0
0
0
0
0
0
0
0
0
0
0
307
4
2
0
765
2
5
357
80
0
0
0
0
397
28
42
28
7
1
5
298
6
0
0
0
0
1767
40
0
28
171
0
229
230
460
0
0
1
0
0
780
185
4
11
12
2
0
1
0
39858
0
3221
97
0
0
2
0
1
1
0
670
3
2
0
1
158
0
0
0
0
0
82
0
2
8
777
44
4
1
0
0
0
0
0
0
0
0
0
0
0
0
0
0
0
0
0
0
0
0
0
0
0
0
0
0
0
0
0
0
0
0
80
0
1
3
3
3
3
2275
0
1
1046
18
0
2
841
10
17
1
0
0
13
1
0
664
23
1526
0
1
1240
4
2
1
1
0
111
23
2123
68
1
344
905
9
361
0
0
3
77
2
155
0
118
4
0
110
0
0
0
0
0
610
0
610
1
1
5
0
4
556
181
4
0
309
23
16
1
44
5718
1
393
23
3673
1007
2
1
833
4
180
24
988
14
14
0
1
1197
346
0
115
0
0
0
0
0
0
17
0
0
0
0
0
0
4
171
102
212
0
0
0
0
1
148
1
170
59
261
178
0
1
0
5
31
3418
2258
180
285
393
1
13
1282
632
0
0
0
16
48
0
2236
1
584
84
10
1393
171
0
0
0
0
40
4
5
6
0
424
6
0
2
505
15
14
0
0
686
0
39
2
1230
7
0
3
5
2240
24
0
456
53
10
25
474
214
4
2321
0
580
9
503
2060
8
8
0
2
2
4
61
53
1
0
1
0
1
0
0
3
0
4
0
1
0
0
0
0
0
0
0
0
0
0
0
312
23
16
1
18
6
1
2
7
5
2
0
0
0
649
4
7
1
1551
0
0
0
6
78
366
1944
1
5277
0
0
0
13
29
0
4
0
0
0
9
0
0
0
298
2
0
0
0
355
8
0
1
0
402
0
0
9
0
0
0
0
1412
89
2
4
46
119
177
1
251
3
88
0
26
0
0
0
0
0
0
0
0
0
1026
2127
1
0
0
0
0
0
0
0
0
0
0
0
2
600
2
7
1
3
0
825
712
95
106
107
51
142
56
88
25
904
13
2
0
24
1
0
244
2
0
0
0
0
0
0
0
0
162
3
1
0
5
7
17
0
6
0
0
2
18
15
763
46
51
0
0
0
0
0
0
0
0
0
66
1
1
1
0
884
4927
0
0
0
0
0
0
2
0
0
0
0
17
167
67
1
4
813
234
4
420
1
0
373
0
2328
279
7779
0
1
0
1
0
139
0
5
0
20
0
1
1
0
0
4909
20
2
0
0
0
1289
2
1703
0
203
11
3013
0
9
7
74
549
7
16
785
37
518
13
332
0
212
300
38
1067
86
4
0
17
4
13
0
0
0
0
0
0
0
0
2
43
11
501
658
170
43
0
522
406
91
0
396
3965
8
362
6
0
0
0
770
106
0
257
3
827
5
0
265
111
29
7
0
206
0
90
0
0
0
0
0
0
0
0
0
0
0
154
0
0
0
0
0
0
35
0
0
1349
4
31
4
21
0
0
427
302
0
0
22
1
2
1
0
0
78
5
652
0
353
78
2
0
0
0
0
0
9
0
1
2104
71
37
0
0
2
619
10
4
4
0
0
0
0
0
0
0
0
0
2989
0
475
18
24
0
42
34
0
10
994
29
17
0
0
0
1
0
1869
0
2
2
0
0
0
0
2
0
1
0
0
1
1
0
0
0
0
0
206
21
2
3
0
0
0
0
4554
61
94
52
6
1
0
0
15
0
0
0
0
5
0
3
0
0
1
3
0
2
4
0
1
0
2
0
2
0
144
0
123
1
14
466
0
45
0
0
0
0
2482
1568
1
0
6
0
0
0
122
2211
4
64
35
0
101
1
7
0
0
0
4106
0
1
0
1
32
2
1
0
3520
22
9
167
0
2
2
383
12
15
12
29
17
3
23
36
12
1
0
31
0
0
2
0
0
0
0
0
0
0
1
1392
0
154
0
2432
8
39
7
1
14
17
0
0
284
764
216
148
4
1209
3
2
40
736
0
0
0
0
0
0
1
27
0
10
3
1
12
6
11
5
4
6
5
2
3
2
88
1475
0
0
0
0
0
4
0
1
0
351
0
1
0
0
2
0
1239
26
3
0
0
2343
123
3
37
164
16
47
0
0
0
0
0
312
0
4
1
0
1
2
513
1
5218
14
0
1423
0
147
0
750
22
0
164
1248
39
5
784
12
8
2
30
653
0
113
287
0
0
0
118
128
0
1
6
3
1
547
41
0
17
0
0
1560
2
0
0
0
0
0
0
0
0
0
0
0
775
1
1
0
1
240
6
0
3
60
19
908
3
152
31
0
0
36
0
0
0
3
407
0
207
4
2
153
582
2
3
2
7
18189
52
3776
531
35
2197
25
59
162
2
552
352
373
4
168
0
0
0
0
0
0
1
0
2
0
0
0
0
197
25
32
469
12
0
0
1
0
0
0
0
0
0
0
0
0
106
225
0
0
0
2
0
0
2
1
415
1046
132
1323
26
3
37
68
1
2
0
0
2
0
0
0
0
0
0
0
2
0
0
0
0
1
0
0
0
0
0
0
0
0
0
0
6
0
0
0
0
0
0
0
0
0
0
0
0
0
0
0
0
0
0
0
0
0
0
0
145
1
2
1
22
735
1
7
0
9
1724
80
2
2282
0
0
0
31
741
10
2
3
606
133
2
0
170
7
1
9
416
1556
582
0
5
0
0
0
0
0
0
0
0
0
1
4
0
1
0
1
2
0
70
0
0
0
0
0
0
0
0
0
0
0
0
0
0
0
0
0
0
0
269
23
32
0
0
12
8
440
0
0
0
0
2
0
0
0
0
0
0
0
0
0
0
0
0
0
0
0
0
0
0
0
0
0
0
0
0
0
0
0
0
0
0
0
0
0
5
1
1293
881
0
1061
1
19
7
1299
5
4
0
0
33
0
0
1
0
0
0
177
823
2
3
6
5
0
390
6
1383
3
90
0
2
0
1
1
78
0
0
7
12
6139
20
1097
0
0
2
3
0
0
0
0
0
0
0
1
0
6
386
24
0
621
2
0
0
0
289
0
0
0
0
0
0
0
0
0
0
0
0
0
0
0
10
2
2
1
0
0
0
0
1
0
2
0
0
0
0
0
0
2133
0
855
0
1
1
54
0
0
2
0
0
501
8
36
1
0
0
1
4
8
8
2
1681
14
1790
129
5
27
4
10
10
1392
14
41
44
30
0
2165
8
1446
1510
0
0
0
0
19
76
0
0
0
1
0
0
0
1
1
0
0
0
0
0
3
55
81
722
7
5
2
0
0
0
4
6
678
640
9
144
4
4
158
109
15831
2
0
0
0
2
810
8
132
0
105
685
140
6
410
9
7
763
11
15
40
1
5
8
0
1
6
1215
49
35
4177
145
0
2986
58
0
0
158
1359
1175
0
0
15
555
0
1
0
0
0
0
0
3
264
15
78
2
727
19
594
53
29
84
1
0
33
0
3
2208
0
1304
11
34
4022
1352
63
0
0
0
0
6
194
0
0
396
1
345
155
0
19
1055
0
16
0
0
8
0
484
3
0
276
408
7
0
9
256
1
89
0
0
61
1503
0
549
1814
0
3
489
467
3
2
5
0
1269
2
17
1028
46
5
183
18
32
229
19
1
44
231
8
6
1
46
31
141
527
824
419
0
63
1328
7
718
0
6
18
31
40
4273
179
1
504
14
0
348
16
0
154
0
1
0
2
1
280
22
76
0
1
0
10
0
1405
5
95
83
1
0
0
0
0
1
543
21
3
0
0
0
0
0
60
0
0
0
0
0
1
7
0
0
93
390
42
103
153
32
182
358
607
1
144
0
39
2
771
62
0
0
0
0
0
3331
28
55
189
1
0
0
38
0
0
0
4
1764
128
26
25
21
78
62
76
0
53
0
0
0
1245
154
0
0
0
0
0
0
0
1
3
0
1
0
0
317
21
8
0
0
0
0
0
0
0
0
0
0
0
0
13
1284
668
7
274
557
942
79
0
378
4
0
21
0
0
0
18
0
0
0
0
0
0
0
0
1
0
1
18
0
5
0
0
0
0
0
0
0
0
0
0
0
0
0
1
0
0
0
0
0
0
0
0
0
0
407
0
0
0
1
18
0
0
8
0
0
0
0
1572
4137
31
0
922
13
0
0
1
0
0
1
0
11
4255
466
353
1
80
543
39
0
3
0
1506
17
3766
1332
1
2
0
0
152
147
3
721
4
4
0
2
1913
169
1367
44
0
0
11
0
1354
5296
66
20
7
8
0
1
2392
25
5
27
0
0
1
460
1
621
16
5
6
2
2
1
0
4422
0
1
5
33
1
3
0
0
0
0
8
3
0
24
412
163
805
16
102
0
830
0
3
218
4
0
8702
32
11
3340
11
14
17
0
2
780
105
2966
1
0
0
0
0
1
1
154
263
4
12
1031
96
506
968
0
2
79
2
18
7
5
0
0
0
1
730
20
14
6
67
112
93
1
1057
0
0
0
0
0
1
6
2
0
0
0
1
28
0
0
0
0
1106
88
17
10
0
0
0
20
0
0
0
0
1
260
2
0
465
664
10
1868
38
18
20
59
51
22
37
60
0
3
10
8
33
0
0
0
0
1838
53
31
118
42
4
2
601
8
2371
0
0
0
0
0
0
0
0
0
0
233
0
44
334
1
1
7
1115
0
0
7
0
0
7
0
10
6
1517
10
0
0
413
7
283
13
3
142
0
0
2
0
338
672
1
9
0
6160
5
6
498
367
0
10
0
0
0
0
0
455
8
10
20
153
1
0
3
0
0
296
610
82
51
0
8
23
46
2
1
98
0
114
107
558
242
17
257
1
0
0
0
0
0
0
0
1207
2
5
4
9
0
0
0
0
0
1208
297
99
134
1418
52
3
172
2437
64
48
0
0
0
1
0
577
23
2
226
0
0
0
489
2
3
0
23
0
2
0
1
377
11
0
0
0
1
9
1
50
0
6
156
12
760
0
0
0
0
4
1
0
0
1
0
6
33
0
0
2888
28
1
0
0
1153
0
0
1448
281
0
17
3
0
1069
143
152
0
0
0
0
0
78
0
0
3527
103
0
0
0
0
1538
24
1302
1301
5
0
1444
2
1
4
19
253
156
25
0
191
1926
5
3
20
98
3
4
2
1
0
206
0
0
50
0
242
0
0
0
18
1035
56
17
3
109
4
139
1970
79
206
230
205
1364
1
0
115
84
361
96
14
4
1
323
22
448
13
6
1506
14
0
15
0
0
0
38
29
87
1
1
0
0
46
1
0
0
1
0
0
9
161
8
0
6
103
0
1596
9236
13
13
879
0
2359
652
13
0
3
0
409
1733
2
0
31
1063
2
0
70
63
604
1
24
51
3
18
0
45
0
1
0
0
0
0
0
0
1
0
0
0
0
0
0
0
0
9
0
0
21
83
36
25
5
0
71
63
1
6
0
0
335
270
93
0
0
342
42
581
6
1
569
0
0
0
0
0
0
0
0
0
0
0
0
0
0
46
0
0
0
0
0
0
0
4
33
19
4
2
1053
27
63
329
1
0
201
0
1
0
0
0
0
0
1
0
0
0
0
0
684
8
16
6
1
3
251
3
2
2
11
4
6
11
391
14
13
11
12
33
19
0
0
740
0
0
0
7
0
8
983
9
0
27
4
0
0
715
3
0
3
31
4
2009
4
0
0
35
37
0
0
1
165
0
146
5
570
285
0
2569
1
3
1296
15
17
957
2
320
3
9
1089
263
39
107
11
1
0
1752
0
309
3
0
1027
35
2
495
109
29
0
349
1
0
0
963
21
1071
5
1
295
0
0
0
0
0
0
926
0
330
3385
39
0
2
16
0
0
0
0
1
2
0
724
0
0
1617
57
25
51
28
0
1132
0
0
1006
0
1161
0
0
693
1212
3
45
0
10
0
0
0
92
5
366
19
0
77
4
624
367
3424
1
384
7
4117
74
2
0
0
0
0
55
1
0
0
0
0
0
0
0
0
0
46
0
8
1470
0
0
990
153
10
0
0
0
1642
0
0
21
1263
4
4
0
7
1415
13
6265
11
0
0
0
0
1
126
2
0
0
0
0
0
602
1
1
6
329
9
0
0
0
0
0
8
0
0
2
0
0
520
135
73
0
92
7
2
9
5
0
3
0
0
830
0
0
28
0
9
0
0
1
297
0
639
5
23
79
387
21
194
1
0
0
0
22
0
0
295
645
25
0
2
4
654
1
2
111
41
5
7
0
0
86
0
43
4
1
310
158
1940
0
3
0
0
2
309
899
13
3551
1
15
0
5
84
9
368
3
8
0
115
0
4
1
409
0
37
84
46
0
0
0
2
160
8
3
16
0
0
0
313
796
258
36
5
0
1747
268
4
4021
22
1
20
1
0
0
102
0
0
0
427
20
14
25
2
1
0
0
1261
26
126
6
49
40
8
95
0
0
18
20
1116
17
0
0
0
0
0
