0
0
29
0
7
1
4
0
6
5
11
10
0
0
0
0
0
0
0
118
3
4
0
0
1
0
12
6
3
4
16
419
12
654
1
566
10
22
81
6
25
53
0
1243
0
0
0
0
0
0
0
0
0
2178
144
0
0
0
0
2
0
0
2
0
0
0
0
1711
14
241
1
0
0
0
38
0
0
0
0
0
0
9
1
0
0
0
0
0
2
0
0
0
0
0
1
0
0
0
0
0
8
309
327
62
2
17
0
62
1153
3
383
1
5
30
228
2
15
0
1
0
0
588
870
8
2937
10
39
6
2
1
0
1
0
0
1
0
1076
2
4
0
9
3
0
0
0
0
0
0
0
0
0
303
11
1
0
0
0
1659
30
51
2
15
36
5
125
81
1
0
4855
354
20
0
0
2
0
0
0
30
0
0
1
35
3
0
4
0
0
0
0
0
0
0
0
0
0
158
10
7
1
0
0
8080
208
0
6
260
3
456
4
426
2
0
316
168
0
0
1
0
44
0
2
0
0
0
0
0
0
165
5
15
112
1
0
0
0
0
0
0
0
0
0
1
0
0
0
0
0
0
0
0
290
0
0
1
0
0
0
0
0
0
0
0
0
0
0
0
131
0
0
0
0
27
0
1
32
335
0
2
8
5
135
0
0
3
2
2
0
0
0
0
0
1
0
81
5
3
11
31
0
0
0
0
0
0
0
0
2
10
46
0
3
0
9882
4
0
78
343
53
1
438
2
0
5083
17
0
2
0
0
60
1
4
1
2
743
0
0
0
0
1
0
1
0
0
0
1
0
0
0
0
0
0
0
0
1
0
0
0
0
0
0
0
0
0
0
0
0
0
0
0
0
0
0
0
1
0
0
0
0
0
0
0
0
4
0
0
0
0
2
0
2070
45
91
765
0
0
0
3
6
0
0
4
0
1
0
0
0
0
0
0
2
0
0
1
0
0
0
0
0
0
0
0
0
0
0
0
0
2
0
0
0
0
0
0
0
0
123
1
16
3
3
1
112
273
0
1336
0
21
0
685
4
0
0
48
1
95
574
20
0
0
1
29
332
0
278
2
711
696
76
4
0
0
0
0
0
0
0
0
0
0
0
59
0
2
27
1953
111
232
0
0
0
0
0
3
0
0
0
0
1
0
0
4
1305
0
26
3547
2
60
907
6
972
0
84
280
143
6
0
432
0
24
115
462
36
7
1
0
698
1344
0
1
12
0
1384
0
42
88
2
0
5
0
0
0
404
10
6
1220
456
1274
19
14
422
7
14
21
80
0
67
311
494
0
0
2
0
1033
1433
337
20
0
163
10
5
2
3
0
0
19
11
0
0
0
447
39
2
0
0
357
3
18
1660
2093
55
0
0
294
80
11
1397
19
0
3
1
2
0
0
2843
0
34
3
0
272
23
422
25
89
417
246
2
1167
132
88
1
2
19
309
2
0
0
0
0
0
0
0
0
0
0
0
0
0
0
0
0
404
2
0
0
706
1
10
360
108
0
0
0
0
714
31
52
46
4
2
4
157
9
0
0
0
0
1674
26
0
22
104
0
164
262
430
0
0
0
0
1
412
189
3
11
11
1
0
0
0
53943
0
4041
93
1
0
0
0
0
2
0
596
0
4
0
1
243
0
1
0
0
0
40
0
3
6
547
43
11
2
0
0
0
0
0
0
0
1
0
0
0
0
0
0
0
0
0
0
0
0
0
0
0
0
0
0
0
0
0
0
0
0
91
0
0
1
9
2
2
1724
1
0
1200
31
0
4
838
15
21
0
0
0
13
2
0
580
26
1637
0
0
1041
5
5
3
0
1
82
24
1524
60
0
329
677
7
149
0
0
0
78
3
169
0
118
3
2
108
0
0
0
0
0
327
0
312
0
0
4
0
5
482
184
4
0
375
18
20
2
41
5368
3
304
16
2295
680
0
2
737
1
113
10
622
14
5
0
0
381
255
0
72
0
0
0
0
0
0
24
1
0
0
0
4
0
1
149
114
224
0
0
0
0
0
213
2
204
46
182
37
0
4
4
2
40
2985
2473
205
261
309
1
28
1093
408
0
0
0
10
42
0
2017
2
725
117
4
1258
206
0
0
0
0
42
4
15
8
1
447
8
0
1
668
13
17
0
0
712
0
46
4
924
10
0
3
8
2431
34
5
557
66
7
23
378
224
4
2531
0
388
3
468
1695
9
9
0
0
0
1
41
25
2
0
0
0
1
1
3
2
0
4
1
0
0
0
0
0
0
0
0
0
0
0
0
372
27
19
6
20
15
1
5
4
7
2
2
0
0
628
1
16
1
1584
0
0
0
2
75
324
1195
2
5535
0
2
0
22
23
0
4
0
0
0
11
0
0
1
309
3
3
0
4
322
4
0
0
1
543
0
0
23
0
0
0
0
1368
112
0
1
8
134
341
1
284
2
96
0
49
0
0
0
0
0
0
0
0
1
928
1723
3
0
0
0
0
0
0
0
0
0
1
0
0
532
1
9
0
2
1
639
476
100
90
69
22
81
45
59
25
2330
17
1
0
23
0
0
267
0
0
0
0
0
0
0
0
0
314
4
1
1
4
6
16
1
7
0
0
0
4
13
336
20
29
0
0
0
0
0
0
0
0
0
23
0
0
3
0
649
6896
1
0
0
0
1
0
0
0
0
0
0
27
50
53
1
2
792
96
6
317
0
1
363
0
2262
756
25507
11
1
4
0
0
423
0
32
1
162
13
1
2
0
0
4247
4
2
0
0
0
1411
2
1656
0
202
8
2273
0
12
7
112
759
2
18
516
45
384
20
413
2
188
288
57
965
67
4
0
31
4
18
0
0
0
0
0
0
0
0
0
40
11
871
899
231
33
0
472
351
77
0
370
1714
3
469
5
0
0
0
805
144
0
445
3
893
11
2
389
140
30
4
0
355
0
174
0
0
0
0
0
0
0
0
0
0
0
202
1
0
0
0
0
0
21
0
0
747
4
25
4
11
0
0
469
387
0
0
31
1
0
1
0
0
67
6
840
0
277
92
0
1
0
0
0
1
3
0
3
1965
80
39
0
0
0
623
8
14
10
0
0
0
0
0
1
1
0
0
2522
0
445
16
16
0
56
40
0
9
1016
36
13
0
0
0
0
0
1922
0
2
0
0
0
0
0
0
0
0
0
0
2
1
0
0
0
0
0
216
9
1
2
0
0
0
0
4335
65
115
57
6
1
0
2
4
0
2
0
0
8
0
3
0
0
0
3
0
2
1
0
0
1
1
2
2
0
157
0
126
0
10
527
0
36
0
0
0
0
2457
1449
7
1
3
1
0
0
81
1800
3
68
49
0
154
0
4
0
0
0
3171
0
0
0
0
53
0
0
1
4037
32
13
191
0
1
2
461
8
16
7
26
24
10
10
18
14
7
0
32
0
0
0
0
0
0
0
1
0
0
1
1074
0
188
0
1877
5
51
1
4
28
5
0
0
346
791
198
145
15
1529
2
11
52
675
0
0
0
0
0
0
0
26
1
6
2
0
7
4
3
5
5
2
5
4
7
0
85
1389
0
0
0
0
0
5
1
0
0
347
0
0
0
1
1
0
1254
40
0
0
0
2133
112
4
25
162
16
33
0
0
0
1
0
388
3
0
4
0
0
0
505
0
5341
14
0
1209
1
166
0
895
4
1
445
1391
33
14
905
13
21
1
38
726
0
145
398
0
0
0
131
114
0
0
12
4
4
746
56
0
23
0
0
1126
0
0
0
0
0
0
0
0
0
0
0
0
507
0
1
0
5
416
6
0
7
65
20
1210
5
204
49
0
0
78
0
0
0
3
610
1
225
0
1
115
497
1
1
0
3
11890
59
3846
434
35
2317
14
112
221
3
625
274
365
4
169
0
0
0
0
1
0
3
0
0
0
0
0
0
255
31
19
443
21
0
0
1
0
0
0
0
0
0
0
0
0
28
134
1
0
0
1
0
0
1
0
333
1052
111
1471
19
1
19
81
6
8
0
0
1
0
2
0
4
0
0
0
1
1
0
0
0
1
0
0
0
0
0
0
0
1
0
0
9
0
0
0
0
0
0
0
0
0
0
0
0
0
0
0
0
0
0
0
0
0
1
0
134
4
2
0
14
762
4
7
0
8
1520
105
0
2984
1
0
0
47
906
12
3
1
622
135
3
0
190
6
0
13
589
1735
812
1
5
0
0
0
0
0
0
0
0
0
0
0
0
2
0
1
3
0
68
0
0
0
0
0
0
0
0
0
0
0
0
0
0
0
2
0
0
0
128
5
14
0
0
12
6
681
1
0
0
0
1
0
0
0
0
0
0
0
0
0
0
0
0
0
0
0
0
0
0
0
0
0
0
0
0
0
0
0
0
0
0
0
0
0
5
3
1086
617
1
1463
3
14
10
409
0
2
0
0
43
0
0
0
0
0
0
457
1131
7
4
7
8
0
369
3
1235
7
106
0
5
0
0
1
45
2
0
11
12
7275
21
1026
0
0
0
2
0
0
0
0
0
0
0
0
1
2
358
15
0
661
7
0
2
0
263
0
0
0
0
0
0
0
0
0
0
0
0
0
0
0
13
0
0
0
0
0
1
1
0
1
2
0
0
0
0
0
0
1997
0
1004
0
1
2
49
1
2
0
0
0
459
12
35
4
1
0
2
1
8
6
6
1512
13
1248
85
4
19
1
4
4
1386
8
24
38
43
1
1893
6
505
1140
0
0
0
0
21
119
0
1
0
1
0
0
0
1
1
0
0
0
0
0
3
71
131
820
8
15
5
0
0
1
1
6
536
534
9
92
3
4
93
50
10491
9
0
0
0
3
1016
9
163
0
76
570
156
2
280
1
5
737
12
15
43
2
9
14
0
1
7
1227
29
11
3745
210
0
2063
57
0
0
660
1434
960
0
0
8
397
0
0
0
0
0
0
0
6
211
16
82
0
764
19
555
57
53
173
0
0
72
3
6
2217
2
753
6
18
2809
1741
99
0
0
0
0
13
268
0
0
418
1
408
176
0
22
1173
0
14
0
0
16
2
668
0
0
229
627
3
0
18
636
0
63
0
0
78
1362
5
414
2280
0
0
450
363
8
0
5
0
1738
1
22
925
38
1
141
18
29
243
14
2
42
407
21
23
2
65
47
200
641
652
383
2
90
993
4
857
0
10
31
28
57
6460
233
1
499
19
1
333
16
0
186
0
0
0
0
2
315
5
52
0
0
2
15
0
1422
8
92
45
0
1
0
0
0
1
522
23
2
0
0
0
0
0
84
0
0
0
0
0
0
1
0
1
91
324
36
83
166
28
136
255
421
0
103
0
28
2
970
67
0
0
0
0
0
2803
23
60
140
1
0
0
59
0
0
0
1
1190
89
35
29
24
62
54
54
0
53
1
0
0
1330
203
0
0
0
0
0
0
0
1
2
2
0
0
0
337
20
4
0
0
0
0
0
0
0
0
0
0
0
0
7
1153
850
4
240
641
438
47
0
150
1
0
19
1
0
0
16
0
0
0
0
0
0
0
0
0
0
0
7
0
3
0
0
0
0
0
0
0
0
0
0
0
0
0
2
0
0
0
0
0
0
0
0
0
0
339
0
0
0
3
20
1
2
2
0
0
1
0
970
3899
35
0
583
8
1
0
0
1
0
1
0
14
3250
486
402
1
83
597
55
0
0
0
1393
14
2563
2093
4
2
0
0
132
115
4
843
3
2
1
4
2685
174
1407
56
0
0
9
0
1876
5341
75
16
9
16
0
8
2329
38
3
68
2
0
0
606
4
1064
42
5
6
2
1
0
0
3031
0
4
5
17
1
1
0
0
0
0
14
4
0
19
775
95
1197
33
117
2
815
0
1
232
2
0
4034
17
7
2962
1
7
9
1
3
826
99
2638
0
0
4
0
1
1
6
111
304
8
12
1034
110
414
811
0
0
70
3
13
6
9
0
0
0
1
658
19
18
15
50
105
109
2
741
0
0
0
0
0
0
3
2
0
0
0
0
34
0
0
1
0
1015
78
12
4
0
0
0
12
0
0
0
0
0
283
6
2
332
630
18
1310
24
6
10
39
39
25
26
44
2
6
9
4
20
0
0
0
1
2288
63
32
145
53
4
6
739
14
2164
0
0
0
0
0
0
0
0
0
0
201
0
39
334
0
0
2
1284
0
0
2
0
0
10
0
16
4
1446
10
0
1
357
1
258
6
6
194
0
0
2
0
371
548
0
2
0
6051
4
1
234
265
0
2
0
0
0
0
0
510
10
12
26
127
2
0
1
0
1
378
566
63
42
0
10
20
62
0
0
104
2
115
136
467
227
15
302
1
0
0
0
0
0
0
0
1252
1
0
3
2
0
0
0
0
0
1219
338
89
135
1175
38
3
145
1337
53
22
0
0
0
0
1
1027
26
0
290
4
0
0
329
1
5
0
19
0
1
1
8
424
11
0
0
0
3
7
0
51
0
3
185
15
1032
1
0
0
0
72
4
0
0
0
0
8
43
0
0
1805
36
1
0
0
809
1
0
1316
277
0
20
2
2
1170
131
177
0
0
0
0
0
58
0
0
3023
133
0
0
0
1
857
13
1220
1055
0
0
1355
1
4
4
14
378
250
46
0
200
1694
2
5
29
119
1
0
4
0
0
201
2
0
47
0
198
0
0
0
21
882
51
8
3
98
3
114
1615
181
315
268
239
1138
0
0
143
125
375
101
15
2
2
484
30
562
12
1
1615
6
0
20
0
0
0
44
42
69
0
0
0
0
55
10
1
0
1
0
0
9
158
6
0
16
138
0
1512
6930
16
16
826
0
2591
718
12
2
2
0
561
1069
2
0
41
1063
1
1
57
113
1076
1
30
45
3
24
0
47
0
0
0
0
0
0
0
0
0
0
0
0
0
0
0
0
0
6
0
0
38
94
58
32
9
0
104
91
0
6
0
1
237
246
105
0
0
331
43
583
8
1
262
0
0
0
0
0
0
0
0
0
0
0
0
0
0
20
0
0
0
0
0
0
0
1
62
23
2
1
740
37
62
325
0
0
31
0
0
0
1
0
0
0
0
0
0
0
0
0
884
9
14
6
4
8
291
2
2
1
6
1
17
17
469
18
9
10
6
35
9
0
1
722
0
0
0
2
0
12
1091
9
0
32
4
1
1
783
1
0
3
29
2
2040
3
0
0
30
36
0
2
0
187
0
141
11
604
251
0
2285
1
0
1399
20
21
829
0
343
4
5
1405
270
48
130
38
3
0
1459
2
243
0
0
999
36
1
586
147
32
0
448
7
0
1
559
20
868
14
1
355
0
0
0
0
0
0
813
0
353
4148
49
0
0
13
1
0
0
1
0
0
0
615
2
1
596
31
15
33
12
0
837
0
0
732
1
1002
0
1
1011
1529
3
58
0
6
0
0
0
58
1
247
16
0
120
2
659
434
2556
4
353
4
1946
29
1
0
0
0
0
67
1
0
0
0
0
0
2
0
1
0
72
0
1
963
1
0
917
217
13
0
0
0
1333
1
0
21
1280
5
8
0
2
762
6
3620
10
0
0
0
0
1
94
1
0
0
0
1
2
802
1
5
11
322
16
0
1
0
0
0
4
0
0
2
0
0
637
177
75
2
33
2
1
2
2
0
2
0
0
906
0
0
30
0
5
0
0
0
304
1
630
6
13
98
278
29
169
0
0
0
0
27
0
0
358
563
28
0
1
2
623
2
1
96
33
2
14
0
0
134
0
55
11
7
332
164
1720
2
4
0
0
0
59
705
14
4404
4
17
0
2
58
18
694
0
7
0
119
0
8
0
479
0
38
86
55
0
0
1
2
266
18
2
19
0
0
1
300
1138
148
45
3
1
2379
239
4
4261
11
0
36
1
1
0
110
0
0
0
389
22
26
35
0
0
0
1
1315
34
169
4
64
48
4
108
0
0
11
17
1058
31
0
0
0
0
0
