0
0
61
0
7
8
1
0
4
2
14
10
0
0
0
0
0
1
0
119
5
5
0
0
0
0
6
4
1
1
4
438
6
650
0
543
2
13
22
2
12
13
0
1416
0
0
0
0
0
0
0
0
0
1556
81
0
0
0
0
3
0
0
2
0
0
0
0
1594
14
252
2
0
0
0
26
0
0
0
0
0
0
5
0
0
1
0
0
0
0
1
0
0
0
0
0
1
0
0
1
0
6
439
392
53
3
9
0
65
1057
1
268
2
0
25
181
1
15
0
0
0
0
539
709
6
2932
7
21
17
2
1
0
0
0
0
0
0
979
0
1
2
6
1
0
0
0
0
0
1
0
0
0
205
8
0
0
0
0
1184
17
39
1
16
26
3
88
49
0
0
9481
392
23
0
0
0
1
0
0
19
0
0
4
12
0
0
4
0
0
0
1
0
0
0
0
0
0
130
10
12
0
0
1
8098
202
0
3
205
4
401
4
440
2
0
315
151
0
2
1
1
59
0
5
0
0
0
2
0
0
186
8
18
148
3
0
0
0
0
0
0
0
0
0
0
0
0
0
0
0
0
0
0
325
0
0
1
0
0
2
0
0
0
0
0
0
0
0
0
535
0
0
0
0
43
0
0
21
344
0
3
22
1
152
2
0
4
0
0
0
0
2
0
0
0
0
82
6
3
7
20
0
0
0
0
0
0
0
0
2
2
43
0
1
0
2533
0
1
64
314
54
0
368
0
0
6459
6
0
4
0
0
33
1
0
1
0
574
0
0
0
0
1
0
0
0
0
0
0
0
0
0
0
0
0
0
0
0
0
0
0
0
0
0
0
0
0
0
0
0
0
0
0
0
0
0
0
1
0
0
0
0
0
0
0
0
6
0
0
0
0
0
0
1564
47
68
622
0
0
0
3
2
0
0
0
0
1
0
0
0
0
0
0
2
0
0
0
0
0
0
0
0
0
0
0
0
0
0
0
0
0
0
1
0
0
0
0
0
0
228
0
21
5
2
1
128
291
3
988
0
9
0
659
2
0
0
29
0
101
659
11
0
0
0
17
148
0
249
0
675
681
62
4
0
0
0
0
0
1
0
0
0
0
0
54
1
0
12
1591
59
213
0
0
0
0
0
0
0
0
0
0
0
0
0
5
991
0
22
4331
1
41
617
6
704
0
69
267
303
19
0
408
0
37
99
310
21
5
0
0
935
1438
0
0
8
0
1191
2
30
55
0
0
2
0
0
0
237
8
3
1136
442
1139
17
6
460
5
13
16
70
0
59
235
490
0
0
2
0
822
1543
330
17
0
142
9
4
1
0
0
0
18
9
1
1
0
313
23
2
0
0
319
7
15
1309
3341
64
0
0
256
43
8
1187
9
0
4
1
1
0
0
1701
0
21
1
0
267
20
473
23
55
355
495
3
1960
136
254
1
2
30
137
1
0
0
0
0
0
0
0
0
0
0
0
0
0
0
0
0
296
1
1
0
657
2
4
343
73
0
0
0
0
422
34
26
48
2
6
5
224
8
0
0
0
0
1591
25
0
16
167
0
190
180
405
0
0
0
1
0
624
141
19
22
12
0
0
0
0
53995
0
4298
109
0
1
1
0
1
1
0
715
0
10
0
0
121
0
0
0
0
0
74
0
2
6
621
33
4
0
0
0
1
0
0
0
0
1
0
0
0
0
0
0
0
0
0
0
1
0
0
0
0
0
0
0
0
0
0
0
0
0
53
0
1
2
4
1
2
2298
0
0
1120
23
1
1
825
14
20
0
0
0
5
1
1
525
13
1408
0
0
1016
3
0
2
0
0
64
21
1791
63
0
298
603
7
336
0
0
2
78
1
107
0
119
0
2
75
0
0
0
0
0
368
0
407
0
0
4
0
3
431
211
2
0
319
8
8
2
31
5183
2
368
11
3611
856
1
0
748
4
145
9
913
17
6
0
0
857
187
0
95
0
0
0
0
0
0
11
0
0
0
0
2
0
3
126
90
166
0
0
0
0
0
147
4
176
78
205
217
0
2
1
2
29
3217
1633
152
239
345
4
23
944
442
0
0
1
15
24
0
1746
1
514
54
3
1221
146
0
0
0
0
51
5
11
9
1
417
7
0
1
634
12
10
0
0
528
0
39
0
1194
11
0
4
2
2149
14
1
474
39
8
13
430
179
2
1890
0
523
4
414
1399
6
1
1
0
3
0
44
20
1
0
2
0
2
0
1
1
0
6
0
0
0
0
0
1
1
1
0
0
0
0
0
244
17
9
2
9
8
1
1
4
8
0
1
0
1
572
6
13
1
1310
0
0
0
5
67
288
1598
1
4692
0
3
0
12
19
0
2
0
0
0
5
0
0
0
240
2
0
0
0
284
4
0
0
1
373
0
1
10
1
0
0
0
1154
80
2
1
33
112
174
1
186
1
63
0
54
0
0
0
0
0
0
0
0
0
838
1742
3
0
0
0
0
0
0
0
0
0
0
0
2
675
3
9
1
7
0
686
511
62
64
81
27
79
56
81
12
700
7
1
0
29
0
0
208
1
0
0
0
0
0
0
0
0
188
2
2
0
2
5
14
2
5
0
0
1
7
17
446
36
28
0
0
0
0
0
0
0
0
0
89
1
0
3
0
882
5052
1
0
0
2
0
2
2
0
2
0
0
12
148
47
5
2
650
190
6
347
1
0
343
0
2224
376
12663
1
0
0
0
0
210
0
9
0
35
2
0
0
1
0
4589
14
3
0
0
0
1087
1
1872
0
209
5
2481
0
3
6
87
634
1
15
707
32
458
12
280
3
161
299
46
992
73
2
1
19
1
9
0
0
0
0
0
1
0
1
0
35
4
442
567
193
41
0
490
305
75
0
347
3574
8
435
3
0
0
0
816
110
0
240
4
868
1
0
379
157
20
13
0
239
0
139
0
0
0
0
0
0
0
0
0
0
0
168
1
0
0
0
0
1
22
1
0
1164
3
25
3
17
0
0
480
347
0
0
27
0
1
1
0
0
57
3
595
0
308
86
2
0
0
0
0
1
3
0
1
1724
49
27
0
0
0
454
5
6
6
0
0
0
0
0
0
1
0
0
2763
0
394
12
24
0
43
48
0
10
779
27
7
1
0
0
0
0
1437
0
3
0
0
0
0
0
0
0
0
0
0
3
2
0
0
0
0
0
140
11
3
1
0
0
0
0
3866
37
72
44
4
0
0
2
5
0
0
0
0
2
0
2
0
0
0
0
0
1
0
0
0
0
1
0
1
0
91
0
86
1
5
323
0
29
0
0
0
0
2184
1724
6
0
5
0
0
2
138
2111
4
46
32
0
73
0
6
0
0
0
3764
0
4
0
4
28
1
0
0
3450
29
12
165
0
0
2
378
7
9
7
11
10
6
8
31
5
3
0
21
0
0
2
0
0
1
0
0
0
0
1
1136
0
131
2
1989
8
48
4
6
17
6
0
0
249
677
83
63
17
1086
5
6
30
554
0
0
0
0
0
0
0
19
0
8
3
0
10
7
6
6
4
2
7
5
6
0
72
1601
0
0
0
0
0
2
0
1
1
388
0
0
0
0
3
0
1029
22
1
0
0
2137
82
3
27
93
9
27
0
0
1
0
0
216
1
2
3
0
0
1
481
0
6024
5
0
1113
0
80
0
674
6
0
120
1067
10
12
761
5
7
2
24
550
0
135
237
0
0
0
113
132
0
2
10
6
1
587
38
0
7
1
0
1308
0
0
0
0
0
0
0
0
0
0
0
0
521
1
0
0
2
311
6
0
4
62
17
1018
2
184
32
0
0
45
0
0
0
3
523
0
177
4
2
165
567
1
2
0
3
15895
54
3608
440
20
2000
9
90
187
1
524
361
328
1
133
0
0
0
0
0
0
1
0
2
0
0
0
0
148
18
37
395
15
0
0
0
0
0
0
0
0
0
0
0
0
45
155
0
0
0
1
0
0
2
0
332
968
122
1135
14
0
17
46
3
1
0
0
1
0
0
0
3
0
0
0
0
3
0
0
0
1
0
0
0
0
0
0
0
0
0
0
3
0
0
0
0
0
0
0
0
0
0
0
0
0
0
0
0
0
0
0
0
0
0
0
104
5
4
1
15
594
1
8
0
5
1362
68
0
1928
0
0
0
21
693
7
0
2
510
90
0
0
195
6
0
13
369
1345
587
2
1
0
0
0
0
0
0
0
0
0
0
2
0
0
0
0
1
0
42
0
0
0
0
0
0
0
0
0
0
0
0
0
0
0
0
0
0
0
131
9
5
0
0
10
2
470
0
0
0
0
1
0
0
0
0
0
0
0
0
0
0
0
0
0
0
0
0
0
0
0
0
0
0
0
0
0
0
0
0
0
0
0
0
0
5
0
1233
815
0
1005
4
15
8
1115
3
1
0
0
45
0
0
0
0
0
0
285
893
9
2
6
3
0
358
2
1138
1
63
0
7
0
0
3
67
1
0
3
16
5205
19
1117
0
0
3
4
0
0
0
0
0
0
0
0
0
1
342
17
0
563
1
0
1
0
245
0
0
0
0
0
0
0
0
0
0
0
0
0
0
0
6
1
1
0
0
1
0
0
3
1
1
0
0
0
0
0
0
1822
0
811
0
1
1
58
0
2
1
0
0
500
6
15
4
0
0
3
2
6
11
8
1414
4
1469
124
2
33
1
19
5
1048
6
26
23
33
1
2012
13
1422
1381
0
0
0
0
10
83
0
0
0
6
0
0
0
0
0
0
0
0
0
0
0
39
63
530
5
5
1
0
0
0
5
5
565
507
8
130
4
3
76
55
11156
6
0
0
0
3
808
7
116
0
100
553
114
5
303
2
7
662
6
14
31
0
5
20
1
0
5
1064
45
23
4190
122
0
2893
44
0
0
195
1273
1043
0
0
3
486
0
1
0
0
0
0
0
2
232
6
128
1
658
14
524
40
33
86
0
0
32
0
0
1801
3
1141
4
25
3315
1285
76
0
0
0
0
11
224
0
1
382
2
314
140
0
12
841
1
9
0
1
10
3
693
0
0
370
378
5
1
4
355
2
56
0
0
66
1267
2
549
1709
4
1
402
382
3
0
2
0
1154
1
11
802
23
2
110
10
40
348
15
1
33
237
10
7
0
50
21
161
598
702
405
1
86
1273
6
805
0
8
23
16
38
4390
177
3
505
14
0
324
5
0
183
0
0
0
1
1
252
20
79
0
0
0
11
0
1257
3
84
125
1
1
0
1
0
0
518
9
1
0
0
0
0
0
52
0
0
0
0
0
1
0
0
0
89
325
25
60
102
21
101
235
400
1
81
0
24
2
591
30
0
0
0
0
0
2832
11
42
108
1
0
0
45
0
0
0
2
1268
102
18
16
20
41
49
70
0
24
1
0
0
1049
221
0
0
0
0
0
0
0
1
2
0
1
0
1
265
15
3
0
0
0
0
0
0
0
0
0
0
0
0
7
1013
378
5
233
541
849
62
0
342
3
0
17
0
0
0
9
0
0
0
0
1
0
0
0
0
0
0
24
0
0
0
0
0
0
0
0
0
0
0
0
0
0
0
1
0
0
0
0
0
0
0
0
0
0
330
2
0
0
0
9
0
1
8
0
0
0
0
1282
3665
17
0
865
12
0
0
0
0
0
0
0
16
3541
403
306
3
69
447
39
0
0
0
1579
20
3205
1115
2
0
0
0
125
141
2
634
1
1
1
2
1679
149
1117
28
0
0
12
0
1333
6084
65
24
6
9
0
1
2058
28
5
47
0
0
1
314
3
605
26
7
2
0
1
0
0
2841
0
1
2
8
0
2
0
0
0
0
19
1
1
20
511
147
808
21
124
2
763
0
1
221
2
0
6930
14
5
2580
2
3
6
0
3
694
78
2604
0
0
7
0
0
1
1
117
245
6
11
895
65
297
847
0
0
100
4
10
2
3
0
0
3
1
647
17
8
12
43
115
99
0
772
0
0
0
0
0
0
1
0
0
0
0
0
33
0
0
2
0
898
35
9
1
0
0
0
8
0
0
0
0
0
242
6
0
433
601
8
1438
21
7
9
41
30
21
25
40
0
7
7
5
10
1
0
0
0
1552
33
14
68
28
1
3
488
9
2299
0
0
0
0
0
0
0
0
0
0
232
0
40
308
3
0
5
1149
0
1
11
0
0
9
0
2
10
1403
10
0
0
292
2
210
7
2
144
0
0
1
0
358
541
0
3
0
5387
7
5
316
260
0
11
0
0
0
0
0
385
10
6
20
112
1
0
4
0
0
245
495
69
45
0
7
8
28
1
3
76
0
105
77
481
189
19
293
3
0
0
0
0
0
0
0
920
1
0
2
10
0
0
0
0
0
999
307
86
124
1049
20
1
82
1532
28
22
1
0
0
0
1
465
12
3
195
2
0
0
425
1
6
0
13
0
1
0
0
348
7
0
0
0
2
18
0
36
2
5
150
7
732
0
0
0
0
10
0
0
0
0
0
6
35
0
0
3119
16
1
0
0
937
1
0
1254
262
0
12
2
1
918
98
111
0
0
0
0
0
121
0
0
3022
85
0
0
0
0
1254
16
1003
1071
1
0
1359
1
2
1
10
238
175
17
0
154
1451
3
6
37
85
1
2
2
1
0
176
1
0
27
0
161
0
0
0
16
946
73
10
7
109
3
81
1843
155
210
216
214
1122
2
0
102
75
305
68
9
5
0
348
15
390
6
4
1343
14
0
15
0
0
0
22
27
61
1
0
1
0
52
1
0
1
0
0
0
9
88
9
0
7
124
0
1422
8511
6
8
829
1
2006
632
7
1
4
0
466
845
1
0
22
968
4
0
42
72
653
2
17
29
4
22
2
41
0
0
1
0
0
0
0
0
0
0
0
0
0
0
0
0
0
3
0
0
32
76
35
10
1
0
35
36
0
0
0
0
188
212
55
0
0
224
30
391
11
3
363
0
0
0
0
0
0
0
0
0
0
0
0
0
0
27
0
0
0
0
0
0
0
0
31
12
1
1
847
25
62
286
0
0
209
0
1
0
0
0
0
0
0
0
0
0
0
0
627
8
17
3
1
3
185
3
3
0
3
2
17
7
353
9
2
9
7
24
13
0
0
599
0
0
0
1
0
2
939
6
0
45
7
2
2
646
2
0
2
25
0
1763
5
0
0
28
59
0
0
0
147
1
100
3
501
266
1
2299
0
0
1228
10
6
737
0
349
1
12
1039
168
22
68
9
0
0
2001
0
297
0
0
941
37
2
476
91
17
0
386
3
0
0
1202
22
1073
10
1
259
0
0
0
0
0
0
895
0
296
2973
26
0
2
15
0
0
0
1
1
1
0
849
0
0
1431
24
12
29
20
0
984
0
0
862
4
965
1
2
687
1165
2
38
0
15
0
0
0
96
2
247
8
0
89
4
555
290
2776
3
260
3
3662
48
0
0
0
0
0
48
2
0
0
0
0
0
0
0
0
0
84
1
10
1296
0
0
817
183
10
0
0
0
1521
0
0
11
1208
5
2
0
5
1275
8
5694
6
0
0
0
0
0
90
1
0
0
0
0
0
667
6
4
6
306
7
0
0
0
0
0
5
1
0
0
0
0
446
114
66
0
62
3
4
8
4
0
1
0
0
674
0
0
17
1
5
1
0
0
407
1
681
9
16
77
373
28
89
0
0
0
0
10
0
0
285
507
18
0
0
4
453
1
2
89
59
2
7
0
0
102
0
30
6
2
303
156
1525
0
0
0
1
4
329
874
17
3135
0
6
0
3
129
6
425
3
7
1
80
0
4
0
382
0
30
103
44
0
0
0
2
191
10
0
13
0
1
0
281
825
192
45
2
1
2050
124
1
5298
22
0
20
1
0
0
81
0
0
0
502
15
15
19
0
0
0
2
1206
36
95
2
40
28
1
49
0
0
5
14
838
20
0
0
0
0
1
