4053
329
11914
11918
17978
26914
3084
24114
14478
30910
32151
24007
25567
25186
30577
1729
4396
9412
10896
8851
19764
11912
14000
12003
24866
2773
19104
10315
26226
24157
13281
11910
29105
29041
25570
18806
12644
8847
11924
16369
17939
9965
3350
4795
29681
8977
16913
17877
12500
16636
23163
2772
8856
11571
6902
3942
30791
13581
24847
13585
6764
7436
2024
7939
7940
9081
16877
11923
11917
23595
24609
1511
29157
18407
24578
27653
24686
17575
5249
2026
2027
3386
30213
10681
18337
18368
20449
8621
406
28957
389
1491
32068
9031
25762
14581
2728
24973
3146
438
18533
5273
15945
1736
12783
1241
1245
1242
3393
29079
3114
5362
10301
4116
5005
4006
18584
25839
13518
10473
10008
18640
15999
28836
11013
16007
30943
19700
20603
10430
11110
26031
10773
8045
7961
26624
11071
29175
25363
6858
3625
25230
3697
9296
10290
9582
871
25944
11545
3377
19691
14957
19168
18116
30685
6524
4852
9887
12840
5144
362
4286
4285
10774
17597
9539
3262
21304
2216
14504
2439
26259
25674
30587
21679
14629
10767
7712
13664
20286
25897
20040
9325
12877
2218
7806
6298
2519
13561
25686
8014
2040
19316
29204
11005
11809
7217
1723
14418
19971
29040
9670
22978
10866
16853
11056
18291
6393
2154
9586
3259
12591
28242
7527
15954
24525
9352
7644
8981
19139
9826
12590
31802
7110
18803
16887
11556
10879
3808
3578
10056
3419
7995
9778
24626
6775
8487
25716
23408
10606
2330
6700
2883
14034
30563
2859
16512
20001
1352
1353
2661
29661
11530
29401
6204
7784
24142
31854
19190
491
23157
8905
10256
6190
363
15469
6554
29657
20800
19100
5972
4095
19663
687
10294
22949
2501
19661
2419
89
7327
8965
20059
29557
9381
4408
989
2715
2654
10833
5193
6644
9406
4648
33238
29222
20193
1745
1105
14373
4237
10360
3017
34
30207
67
3541
28287
3012
321
11023
25403
2698
1718
4539
12663
2186
18666
12659
20662
11446
29501
29675
11546
10537
11186
9534
4387
4394
469
4632
21297
2432
344
449
31399
14959
17955
6220
30299
28769
29652
840
9855
2743
6239
12781
1488
20785
10922
20889
29647
9652
572
17641
16290
468
7989
11487
12372
7808
15512
1513
7818
799
5950
1639
18010
26620
11594
12730
4810
5218
8923
5008
7882
4887
16952
28466
9905
8853
16861
30076
17013
8821
1916
29609
4279
4281
3613
4794
20503
4736
29668
20505
29607
4760
4738
24263
10771
14579
29509
14046
17348
30740
3153
19706
6943
2536
700
10761
13420
17719
16997
11644
9561
29277
8984
9986
10719
9541
18801
14277
11713
10260
17947
10488
11791
3748
33276
6663
10499
10498
10496
10486
6037
26153
30778
9762
10416
12012
16915
6019
1962
225
6292
9141
10840
19083
24671
18668
193
3221
3007
7508
7504
4177
2069
9020
3631
19088
29678
30935
2673
10023
682
29796
6636
10729
29036
9112
24644
6997
18453
14037
9343
10821
8031
14580
15734
1637
1634
1635
11272
5395
3609
584
2367
18858
6256
17813
800
1512
8822
24891
9713
2230
33150
17091
15511
1704
10903
1683
21394
6730
14685
35410
12593
19688
7828
2755
26941
12620
9280
220
7708
3611
601
25756
7225
10682
3619
3618
3620
791
16859
2731
10000
8632
6653
10479
7064
412
18188
30631
9212
1677
2351
24515
23694
11596
3011
10938
3542
10721
10720
10718
17060
25676
9142
3771
7610
24248
8960
1240
11936
11934
16753
25538
775
29434
30423
14049
17440
14615
77
13394
29456
21734
12827
4975
1392
4341
10050
2750
6492
6493
16792
7661
708
16791
16787
10061
16951
9364
12017
9605
9035
9991
19678
16065
16783
18866
4883
16980
4888
24668
3534
19048
2343
14222
9666
19181
25360
1397
9023
11949
6647
17315
3318
9659
25009
11510
18039
19360
7612
3774
11161
9958
6341
14951
6974
29866
2172
29043
29558
19429
14469
14552
6887
5962
25035
1328
1325
2665
2336
6953
1662
6490
5208
6121
23143
18270
6250
12035
19689
11012
7745
30288
785
24682
30534
9459
9647
1857
21305
12601
3474
11768
20440
25355
3418
29685
17168
26064
26189
3065
24008
11851
1479
12000
29046
13709
21208
6518
3401
29118
30262
4764
270
9509
16812
15983
652
16686
4693
17494
27302
15719
4778
17794
9781
129
18016
41
17304
4124
6546
333
29561
4416
24659
25356
1232
18025
21729
20947
11582
28596
1968
14341
164
7468
10484
1952
14074
17655
3700
6381
10671
393
13030
26970
5048
18559
24275
24618
23713
16400
122
12015
14966
7623
24284
30576
18466
10440
17213
11191
27015
5361
29508
23927
195
12854
11811
8109
10252
3120
13345
15625
2734
7559
19979
29250
6909
10658
668
603
3712
7668
9201
2978
23805
9759
4801
4803
29361
24245
8515
6278
1851
20637
26147
11041
1424
16008
7224
3260
26498
9278
7993
30391
4196
30632
14487
1106
3798
9282
30613
26070
34383
427
12805
11285
11233
19305
16412
6714
14545
11424
9437
28816
9408
2597
24063
11187
6865
25123
2289
4796
24595
13886
13887
15714
9276
11025
30228
10889
9401
3374
17736
8962
14312
18451
19750
1445
11529
7325
7329
13590
30595
30727
6585
3969
8008
25222
180
11275
14085
7441
25523
23166
3218
20748
13221
9954
8855
20066
12825
25808
28027
6970
12527
10942
9758
169
29911
9317
28724
21014
4241
16287
542
6761
26321
11802
11163
25911
11765
244
24669
853
16732
3097
20581
17085
11257
16073
24845
1622
3241
428
24259
16950
145
2858
28313
24415
7434
2711
24862
16684
891
14348
2990
25183
4923
14052
9951
8601
2510
11449
11640
26158
6904
4247
12647
10801
10872
17264
24717
6047
14489
25786
1706
1707
3555
3255
10297
5716
5834
14498
24252
18063
30859
1112
19263
105
2269
12858
28385
2150
33848
14927
29569
14036
30793
14060
6473
6866
5994
5993
5999
5988
5989
9216
14501
3703
7665
1708
14025
9848
2895
7905
1148
994
19988
7027
20454
17840
26877
5991
5992
15563
15561
6000
8622
170
3342
24592
2690
28143
9656
9840
4318
17088
34016
1052
3435
6854
9451
16084
9191
29813
5201
32949
28178
9649
18292
684
24071
17063
14860
6530
6949
2678
2561
5028
6469
14881
173
8490
20444
6325
25221
7854
23207
7720
1404
7981
4456
18123
171
6161
11562
16889
11590
13811
3009
4191
3590
18873
4565
10590
10588
4125
25660
10585
10597
20203
42
6694
970
16905
26150
25006
4092
11841
25856
25784
2964
10982
4821
32583
2915
6142
8809
14628
11208
12736
1955
1943
843
21610
5136
5134
5133
5140
5139
5137
7506
7782
327
8773
9438
29502
12403
26821
12479
6140
21699
7762
24637
7666
21675
6150
16709
11760
18649
2201
2210
10909
23075
9121
4223
4908
4331
11362
11365
29853
25712
10768
25819
5261
5269
25133
21637
26799
26198
30812
553
2068
13390
8488
7698
1876
1500
1509
13205
14432
443
12502
1078
14098
24011
1653
2505
5351
8005
7707
29160
2345
2411
2410
2409
5382
23785
6839
26582
88
7582
2323
3432
13177
14637
794
3778
12833
11102
5471
5474
6027
9153
25062
10907
12690
12927
1020
17209
2605
12785
13829
2395
25325
5956
25737
47
12407
5228
2770
16901
22923
29092
3388
8617
17800
10575
18971
16650
2553
6125
2206
2204
24858
16266
12306
5401
11206
9554
20730
8788
7941
28648
3147
39433
1965
1967
3293
29556
6259
7807
21498
10521
2851
12530
23692
2213
29643
15566
8846
17861
20670
14063
7684
1477
888
341
28785
16460
11404
3061
19421
28358
21328
8760
6017
17341
30185
20376
10762
6180
1046
18967
4599
1529
18278
25566
14255
8125
1459
19422
28437
24229
26926
18358
14630
3585
12687
6113
11042
16935
25187
9236
28422
9829
29112
19086
12786
26467
28472
12816
11052
28033
7972
14511
10827
2226
1122
25128
10541
9783
8638
25088
12478
12477
10306
11799
9865
11990
17646
26063
18592
28783
24002
11773
30611
28956
32669
4298
2379
13598
17078
11353
7127
6145
9060
82
7562
174
3347
10593
10582
10583
30914
30761
26054
6502
2514
29947
1569
30372
29527
25902
25519
21396
25241
17095
30927
6741
14673
1606
6720
11701
30800
7584
9608
31928
18420
14406
30634
11104
16716
1725
1472
20567
9103
25714
33499
12269
2214
12585
17313
1421
690
28858
25536
29918
24713
9751
12617
6487
12627
4553
667
473
2666
586
7380
22932
12471
30764
7381
9902
4393
4385
5320
9882
19412
24969
1400
24923
1984
6888
2989
30911
273
8652
177
24488
396
15633
24247
2940
950
11943
18006
25717
30064
30220
9399
11834
1391
24288
12784
683
17616
4877
24035
25386
655
3755
2959
8808
120
3701
10560
9564
20661
11450
28526
6649
7105
3823
18455
10480
10250
10249
4180
24537
9210
3387
9456
25419
26208
19296
13210
2321
25622
29878
11985
11758
18362
26022
16740
10325
29805
1542
1682
17367
30698
16892
25656
21087
24496
17173
25631
851
13503
4140
29216
22954
1321
1700
2264
24010
7968
4617
7699
4892
4650
30757
4844
28949
28741
1705
1514
2481
31136
17865
6394
236
7590
12563
12933
3978
26444
28184
6944
18276
10474
24614
4171
9788
21497
4444
13164
6919
13556
10012
12298
8982
13211
10379
30211
7907
23230
1041
17008
11740
10955
24540
25815
3392
26576
9307
8654
11354
7664
26551
7227
8976
1092
14508
2232
20989
25554
882
9090
12333
9082
9092
12872
336
4699
11099
15597
2295
10057
10858
12605
16050
18124
7154
26434
95
24152
7125
13780
5969
29262
14013
16381
10856
983
8761
8943
3498
11727
9404
10897
8514
29326
11006
30765
9067
4267
11925
29260
29935
29529
8975
18262
20731
24124
16652
7700
12611
25244
4023
30528
11195
18184
6936
25947
25489
18253
3261
3087
564
23056
9559
3296
2020
9195
11795
3394
3247
6852
18483
23116
2853
2417
14889
349
5181
6383
9972
13633
6901
23992
1001
6679
15979
19317
2032
2037
5995
18111
3668
8140
5192
4443
19297
11763
29955
8754
28482
26661
24613
28209
8591
7659
2900
1027
28991
10345
12926
25985
8786
846
2309
10993
5391
27729
11253
2494
13731
29304
11524
3690
6556
12766
26742
13906
10067
19118
10825
4851
4894
26594
6701
7391
19747
3497
12762
19696
19195
121
5017
13446
3026
12754
9768
951
29253
13602
1667
9454
26887
9752
33939
18449
24304
11086
9237
30605
19990
11020
5724
19205
11847
16711
18340
9969
10369
16429
12525
4914
686
582
12513
9143
1329
31673
25799
4076
4081
13549
19012
2148
11719
16074
28685
10806
6657
24959
8803
6342
6307
25812
30760
2082
29086
8587
11303
11245
9966
28473
9188
5476
27365
3389
4421
27954
33188
452
3344
4610
11030
219
26801
399
317
6025
8861
31865
3443
1121
26300
30291
10637
1665
14275
19185
21732
13993
3683
5037
21088
17052
25223
16633
25829
20751
6872
9646
7135
8056
3054
2932
11255
9009
25415
24368
44317
28213
11138
4576
18398
1077
12569
8807
9859
3287
253
28403
7467
16500
15606
9314
20862
7794
6831
12476
24212
1856
11528
25941
28883
28261
10648
28395
20582
4799
6551
10340
18603
26076
5394
24783
3229
9005
19075
20917
24912
493
1462
9477
10706
1330
6763
9349
26256
543
9137
1578
18758
12335
26953
6001
6005
26648
3676
8053
18119
11269
23109
29239
25319
11397
28486
30027
29969
7705
30782
16075
30412
16272
12517
5977
4066
11101
4702
24077
6767
18871
23088
29936
3179
7979
1742
6758
8849
16712
21496
15974
11848
3662
3661
3694
6685
4685
11708
4329
4572
3483
16854
10545
2303
11843
25891
17650
7744
17929
5000
10532
4808
5154
12682
24573
318
29944
25751
6117
1504
26575
3569
10990
25640
11849
23198
6371
3529
7463
30520
10680
8765
11073
12307
27960
11730
24308
11049
14490
7713
28760
25994
233
7473
28758
1618
30550
2516
2950
12303
25118
15492
25964
15452
7945
11572
16472
451
9806
27030
14412
9446
26293
6024
10901
26404
10941
28862
25801
8063
6597
8507
28611
4036
1358
2662
9376
16394
1346
1339
8527
13583
4263
5007
7863
3666
8769
4845
6134
8829
6137
7193
3971
7711
5248
40050
18576
18969
6021
6848
28508
30269
8783
3439
28086
29316
6318
5286
10664
29479
28954
660
16058
8979
1579
17268
16631
1778
11542
9807
26401
8104
11118
11117
13652
6937
6836
14512
25734
6401
4879
29682
5006
2205
9183
6111
3539
3537
3538
8794
566
714
24475
28916
17512
2861
7326
1996
10410
12831
2464
2292
9871
1594
6996
30075
17416
7975
28532
23639
4330
8743
1515
6656
26896
1915
29035
3225
3655
25198
30696
1464
583
11300
12802
6935
16280
588
39727
5213
17345
6664
11139
9350
26690
877
6637
40051
29634
10911
3604
4912
28072
18547
16496
6011
2434
8547
10968
10969
6116
6016
9816
5973
6014
4224
29594
17869
5237
10899
9299
12473
10535
1471
24474
20819
9004
4740
30451
6029
11771
6771
6354
12399
19874
9787
1724
1727
1337
17975
3238
3477
5244
2509
24624
6912
17970
27962
12475
9701
3059
33530
20708
1628
7685
5958
4816
4817
11541
2876
4854
28969
8657
15533
3665
17073
7978
24877
28306
33862
6512
9220
9305
11244
15464
28844
286
29427
29132
21060
2451
8785
10994
2433
8804
1805
1460
11654
1697
10387
7680
16903
4367
18762
3596
11219
30292
4326
20043
14480
10807
16318
18437
2378
6171
13760
28018
26053
30860
3126
5970
278
9690
4082
4075
4087
1592
9870
11087
26010
2988
3815
6529
7910
13607
29242
3064
29205
1082
2488
7392
16085
2310
28311
11140
12567
30298
16403
14234
9765
14008
30255
11019
3530
22958
24583
930
9455
14377
11628
4598
218
13632
6719
11280
6886
3767
16077
6119
24968
3800
8955
8950
10019
1094
12412
30829
17346
14601
21365
21062
3531
11323
3052
1073
18561
11742
4204
20952
6816
4198
3176
20990
21066
14933
13727
21097
17328
10548
21576
12014
2768
5363
3115
11200
9445
18141
13785
408
17768
20999
17493
13872
4715
4766
4781
4789
4776
4751
4716
4886
4787
4757
4718
4782
4790
4724
4769
4783
4788
4793
4750
4785
4784
4719
4791
9975
7197
18791
4963
4964
4962
70
14516
21301
2739
20778
5392
2730
21642
1802
11629
13917
7800
6709
11892
6711
14189
19077
352
2460
13921
13937
7328
12651
5232
5233
7758
13941
14129
1248
1037
10898
2992
11398
1323
1324
2600
11976
13949
13944
324
10068
320
4947
44
9545
9546
43
2187
3554
10018
10401
4926
11566
2681
11497
949
6182
21237
21244
5010
10383
8570
11157
11544
13655
9235
3586
10299
11716
12423
21253
14468
6876
6875
21246
17847
1784
9260
17586
8986
10071
2952
18143
7190
7804
17761
6967
16805
16840
1585
4678
4679
14502
18273
9942
21290
11968
4415
8859
9312
21024
14056
11291
15982
20194
17675
9181
4670
21057
14515
12680
14279
5258
7799
21022
11466
10472
13517
21065
9040
13469
14258
7526
10006
11743
9016
5981
16404
6945
21219
21308
4311
1090
14263
9370
21376
21555
23038
2217
20957
19651
17282
6299
33699
19261
10933
2188
2288
7605
6055
17368
15673
31923
14415
12401
987
18345
17853
8907
6983
21387
21390
11595
8021
14977
1885
18410
11021
21406
8489
2159
10073
17598
25229
1510
14078
6859
3390
21034
13601
18175
20080
4580
21033
1152
17649
9346
589
18647
21020
17971
23041
29256
21082
21652
7973
16411
3821
23045
1632
11121
21143
16873
12732
17350
19338
9968
1343
4037
12771
6484
4853
2185
21144
12382
21558
21478
17643
21042
21638
9080
21484
20995
4274
12261
18468
21080
21489
6482
663
2372
3356
2500
12706
3522
11632
10810
21575
6857
8860
14901
5439
11896
17637
15578
1987
13841
4921
8858
11429
3413
15600
19336
4593
9772
19182
17075
21181
16793
16795
14894
14893
16798
14895
21071
21055
21176
3467
17089
12693
21051
8156
23034
17037
7890
18040
11504
21061
21157
21054
11180
94
11655
14477
6899
5467
9071
6856
8607
21100
8772
11515
21606
10431
21686
17012
20323
21056
2908
9537
11588
22140
26013
28074
24555
6762
16352
3280
6560
21701
29171
4380
16393
22197
32225
132
11148
21698
9122
20609
24921
9801
6305
10291
7687
22407
7014
37276
328
348
14065
12428
2942
6018
21648
24587
15646
4462
21721
2810
19986
5033
1553
14974
5099
5103
5104
5101
5102
4907
11575
16844
18625
16390
4162
2358
4266
8776
17820
10288
30000
24154
11598
14082
16286
16473
10778
471
12713
9839
1733
16002
16001
6066
4319
9531
14035
21868
1062
14510
2696
8889
9185
303
9176
4195
1461
8124
22229
9253
9702
21708
17443
232
5472
5309
18053
14638
13176
2719
4564
3236
6509
4179
14047
9577
21645
4696
746
21957
17676
19440
14262
961
16410
11433
16407
3327
6613
12749
9970
4659
7660
9130
14948
32523
9127
4913
9208
6971
5246
12852
13189
9645
18957
4384
1663
10725
4893
1399
13406
10727
10723
2366
45
40
29680
17364
201
11292
26107
25106
4038
21463
379
1573
29941
8850
1777
1348
1349
1440
2198
10808
8812
10983
10845
2919
2918
21752
753
17880
22265
12347
16807
704
29629
22198
848
2637
910
911
6950
574
11540
33772
25604
11356
9123
21696
11762
160
4398
3415
3395
12311
108
8583
559
9083
21689
2557
17381
9197
22412
21706
9119
9548
9359
9957
8491
18541
11306
26033
21876
30092
8978
9392
14857
8818
3018
2898
6486
28900
14598
9291
13875
1528
1527
7029
1490
1884
15679
21641
14587
9685
17366
22788
7688
12735
17284
658
8618
30646
6553
21863
6052
1012
3756
17103
11119
7996
31648
12484
12370
21906
30389
382
1093
1441
18658
15667
388
11812
866
22219
26946
14402
11609
19982
19039
7697
1097
16634
21869
19684
11317
9475
3396
14006
16906
1503
2019
3385
22448
17358
13830
2551
3527
18005
6251
7876
49
1774
24676
17185
71
11108
10011
9386
13726
12829
3010
6083
10848
13243
4979
16803
14888
21904
21862
2079
14103
6954
485
20886
16982
11941
7377
15946
18196
1057
4173
3629
2527
2897
30242
7376
3677
24928
11060
8805
735
24290
6677
854
13861
2991
3673
5172
10802
1067
1080
20858
23360
18756
11905
11906
11907
11904
29786
32940
7739
4419
9304
1085
9612
1956
3402
2095
27230
20696
3518
4651
4623
9300
11738
12791
26262
28161
1356
9457
288
3288
744
11359
940
29106
14648
3688
216
6059
28226
492
13013
9051
5960
9174
12674
10947
20856
25358
26267
26527
9413
6947
11094
15574
18303
6737
14054
18122
10263
17843
6735
9045
28314
26019
10662
1382
9763
20626
757
12404
2652
29510
16354
30897
10812
26193
17245
20391
19046
7669
18512
3519
497
11728
25616
11617
26050
17156
14201
15968
5026
30939
9717
6023
10577
4880
14513
30043
9117
6050
1373
17004
24285
2153
10020
7652
2753
24281
1535
30452
28396
9279
17228
25966
26048
1590
28625
18022
27232
4221
12582
24258
9587
16897
30129
11406
2183
2285
9198
11212
13432
12855
2799
17296
16806
11810
4044
18831
29683
17283
3013
31708
16700
15822
484
28583
3277
28963
12299
24449
12340
9811
23032
3512
31750
11909
2220
11536
24453
22953
14278
18513
28454
12871
25203
17023
7704
20443
11279
28984
26513
16891
7553
239
6297
16725
11764
7679
6283
30832
13544
3263
9611
18746
4375
2591
2592
24945
29787
23145
3211
24667
24797
30377
17042
9069
8149
4446
2579
25321
5224
2843
30224
21738
2324
17129
7801
3814
9949
33826
19191
19309
11098
12698
19698
28510
10939
17376
6192
23633
17686
12557
4313
9668
12450
7208
7785
1862
23399
30988
10429
5434
5448
5424
5421
5422
5420
5426
5427
5419
5423
5429
5417
7413
1787
9043
21424
11724
28337
117
19102
21653
7701
15984
5229
924
937
7803
9486
19907
12461
8049
19918
2954
8157
4135
5967
14887
12666
3588
23215
14559
12566
23625
17710
10031
12011
11845
18986
7944
18344
23657
8619
4570
31369
17944
23323
10838
407
9382
3951
11828
578
17992
31582
13008
16513
533
10259
17995
8747
30324
1908
4390
25740
19129
11837
5044
25764
8032
17258
28660
4165
2674
18181
30972
10732
4097
11491
890
10257
11277
5330
23387
17208
3606
3584
9585
26922
5212
30831
7658
12814
3806
19237
4507
26724
11772
23159
16993
7982
11432
18311
17870
932
16654
417
10062
14011
23619
23641
29
18798
3622
11557
25535
21684
9813
6348
5959
1362
9655
12435
7525
29020
18572
17839
17349
28171
395
13546
9999
453
22986
16361
11931
5318
16380
11850
2687
18672
13608
9563
12031
1331
16524
4620
3383
7692
7234
16462
18688
9544
7983
7985
10344
9323
5238
18752
6654
25135
11444
27039
1780
3824
3349
361
3006
20663
17822
6526
2972
17170
19693
10998
4315
11273
28296
10760
30960
3346
19027
23406
17859
29565
2342
9308
3098
758
13997
17097
76
6494
8064
9202
4568
2377
14288
445
4667
12362
4238
1848
9842
11477
11474
1366
33778
14631
2689
10536
12658
10477
2209
3624
3623
14495
27845
18865
6595
16391
18667
21474
7881
325
30033
3164
13613
1354
9592
32
6823
4584
19989
26894
20305
20771
24324
29843
14492
24650
1389
20773
16966
29150
21535
5387
31406
17663
2235
385
17781
4227
13620
5978
6008
9410
833
4172
23489
23537
8052
16827
17142
18043
8940
25491
17642
6144
2548
12692
1402
16063
1066
17061
23734
26160
7601
17759
11320
29186
12843
19042
23338
14244
25583
17327
11480
25532
6860
11642
19876
6153
8004
16051
2552
2352
23505
9967
10672
23355
23334
9921
4217
6881
3438
1912
10936
25590
7671
17312
18860
9414
6922
14674
13195
30880
12474
11741
494
1722
18738
3239
2511
28908
14929
23246
13907
2939
10986
24236
23508
23419
11471
4922
13806
2190
21411
28531
7865
9360
10817
8646
12568
23096
13733
9498
1971
24268
24944
1530
23526
18827
29162
14048
30726
9315
23518
1463
9052
12665
257
17582
12672
26309
23405
6284
30074
10411
16493
9259
10799
10803
535
6903
28651
17281
14550
9990
15710
1076
11141
4335
8604
25903
37212
9588
23452
130
11920
6617
23094
15677
26025
5381
6388
4901
20577
3656
1161
9922
8787
6572
17175
4861
2621
2623
14565
9722
24519
3363
14211
2983
29503
17286
25155
26559
5163
18374
4432
23472
2263
53
30373
2312
16947
1974
25613
20984
7703
8616
14517
1160
26257
16087
5056
1144
9184
10847
3686
7056
18817
6532
9006
7795
28155
28352
16466
15579
694
16086
2593
103
8022
11539
30889
7761
26200
11088
2194
26684
13312
26676
245
7534
2468
27424
8763
28093
15454
24865
11641
17660
24731
25901
9155
12660
10935
3341
23044
16088
9354
4544
939
13831
3689
32685
9476
23470
28578
14283
91
1151
8091
18224
14357
12592
978
190
2987
7059
19087
1084
19321
215
18599
3151
32159
28852
14931
9558
16644
5412
30575
5173
25430
6122
3025
14677
21296
11559
19954
30802
1630
9199
11859
562
16476
2529
11946
6707
11950
10322
5466
6081
11782
1701
6294
6295
1786
10964
7640
1493
8068
17893
672
11386
10451
11312
4827
4829
4831
4832
16276
11120
581
17160
4022
6040
11543
2073
13681
14053
24376
3275
12406
6641
740
19344
2135
259
2458
20076
14652
11714
9606
26222
17271
2231
9530
20580
16421
10386
8971
8044
6257
59
12597
8516
7611
6233
10514
10513
17022
4655
6535
15971
2472
16637
11051
27337
3587
4167
14004
1033
29441
26606
6222
3964
26317
1171
8620
12796
4915
1689
6642
1516
21350
1681
10940
19016
12036
9831
9832
30141
23989
3513
450
20197
6882
8857
24156
18856
6972
673
20041
3535
6696
8572
2718
123
7966
6766
7551
11241
20859
9549
9863
7710
26965
17587
18017
9673
11327
11814
12490
1228
16999
29600
30739
2515
14061
13734
24200
24725
29619
11438
14476
4268
11652
7315
13187
17896
1685
2717
24552
26944
25018
26034
11514
1181
3650
12703
3976
12523
7411
10254
923
4138
34399
18402
15832
9194
17305
1950
24526
3332
2294
23077
29598
23151
5271
12681
9056
936
6279
3471
9355
10433
17989
9879
9726
12950
6864
7010
29829
693
1172
20738
1176
1476
30073
9964
27442
14372
6716
6850
9955
5275
24116
1874
3219
3705
13718
17397
2478
17116
30032
20716
18370
18749
15685
14042
3008
966
2531
1613
9901
11276
26197
8636
670
289
14106
17412
9827
9281
9667
1386
358
1385
4638
7716
8055
13481
7715
11647
24283
6697
1173
4114
2328
14479
5542
1582
3681
3573
14295
2860
29832
5987
8059
25033
26068
3791
6080
691
30664
8777
13764
19079
9786
16653
24604
30718
12518
12519
24564
6243
37216
20932
711
10420
1546
9440
4161
16066
1482
7606
8590
2080
18118
7706
23161
14458
26274
29945
9344
28108
30883
25382
15514
3188
26938
6985
4042
2528
12442
7891
2375
30477
8599
7230
30794
7450
16259
8910
12338
28188
16262
591
590
7167
7155
7159
2962
1505
1506
1499
33701
4574
25189
2556
93
795
30578
9944
3638
9211
13862
21680
9303
15672
2389
2896
11818
10683
5986
9689
7656
23700
3023
13194
12625
12930
7861
17851
5951
13051
17288
602
610
600
29165
933
29182
4026
5964
10592
10589
3496
1674
1673
1675
14247
7132
649
12266
2747
19943
4061
16931
14583
4982
4739
2995
29890
1541
14344
18121
12618
11801
9706
14193
11720
10547
11185
5241
24039
20665
13433
17985
26361
6172
1925
26558
25461
17104
25898
26927
17192
29812
3488
3749
6255
6266
7802
598
11344
8143
30614
15532
28952
87
9886
14540
9824
17072
20202
1390
3720
11717
1583
3680
3684
1184
7693
6218
6224
12726
1709
11916
10599
6718
11922
30683
12642
14044
24305
4141
7867
1919
19423
9629
1678
4400
12628
12009
3033
29521
34033
9658
16912
30306
1247
1246
9719
4218
1319
24539
13203
29673
3182
7
14558
8133
18788
3495
6698
17909
1785
17176
4586
4688
20510
14456
16461
7060
679
8790
9678
3420
30796
7061
19218
8778
10961
10959
26162
20175
4707
6541
60
11201
27052
6407
16617
6181
11473
16635
9607
9853
2736
19125
2973
24249
9024
19349
66
18618
2171
17363
17019
17967
25240
18037
14067
12679
2200
17927
8877
1599
237
1403
17347
18314
29937
12775
12774
7133
21166
2865
18809
20766
9461
17067
634
638
11106
4455
28216
29284
10908
24241
11748
10596
175
172
7980
6463
6458
6460
6462
6444
20406
6443
6442
28927
28929
6439
6412
6440
6441
6446
6430
3285
9866
17590
13666
17321
11205
465
6851
11569
842
5125
5128
5129
1555
5031
7780
6141
4862
16430
6143
4200
9940
1692
4216
7165
30258
1771
11460
10414
3431
8550
11105
18401
20502
26515
2422
20074
15488
11363
7103
27468
29570
962
830
16049
9369
29958
11521
11368
6692
10852
28423
4317
6898
2726
2712
6323
4117
16994
16921
1773
2606
12367
14188
29452
10928
19414
13530
11584
4422
28887
27375
5009
24257
17020
18708
30688
5438
14900
29914
6973
6740
24859
16971
7878
30748
26291
11509
8614
7618
26901
9679
7566
7565
24723
1494
29021
26899
6343
3072
30836
6309
2705
12492
14493
19382
2340
17966
23987
7971
20064
11162
3325
10989
576
19286
20151
7967
692
7549
17852
18130
29670
29929
5464
8582
30826
12028
11700
7805
12437
17422
26777
29174
30348
30779
2384
9348
29882
10722
30579
32487
12572
85
13478
19331
7530
18083
28135
14313
812
17380
706
21700
30695
26113
9283
7583
19347
29605
10555
1099
21597
404
6889
9644
20084
30404
11604
11602
22962
5185
13597
7872
9973
8630
18133
29545
30171
9378
1985
9774
9718
14932
2277
26937
25068
10791
15476
28722
90
11621
15713
13610
25896
15703
29187
5147
9567
28506
1004
21528
18179
25265
17255
50
26784
14002
29489
3257
4657
25774
18481
7673
1664
12468
17210
9846
12558
15508
11958
15459
9177
9716
28763
29101
12408
4277
4284
4288
20606
10530
14514
31830
3687
10809
10519
7104
17272
13533
10069
1779
12734
20485
10313
29788
20421
20422
6107
3765
3763
20330
11057
4983
16969
20207
1101
6344
9971
7648
6757
18514
9988
6774
39726
17035
20597
25396
18621
3819
16632
10985
7469
26164
29071
11926
20325
26789
4653
12022
27371
2300
6528
5293
11448
17903
6174
9884
15520
18243
6396
25671
870
32456
17754
16987
15480
10561
23352
6349
2076
13599
3180
9218
18537
11270
20297
23503
23564
4454
2709
20324
2033
20908
9439
6402
11403
18355
12873
8653
19082
3671
12016
3437
10906
6601
11929
6126
2202
2203
25576
25695
6062
15607
14576
3544
3528
2554
11749
10013
20331
1720
20311
19274
272
11726
18028
587
7892
483
10045
19280
13436
11465
20153
10526
12029
2664
8526
11065
16655
7160
20248
10894
20250
9542
31963
1836
995
8565
16898
7576
7577
20271
20152
16985
8002
8725
9568
9569
16031
6131
7732
11824
11777
16445
10021
20275
3811
9407
20338
20726
2180
575
20278
675
14970
1875
11301
17485
19958
9535
7797
17770
11825
8623
14411
10701
10884
23066
19959
23168
10419
7045
20188
9178
10663
659
11188
20499
18799
6867
11231
14906
9725
4404
13280
9553
19714
1071
1791
4193
20185
8522
9532
9885
11819
19960
17748
9275
19849
10892
10887
7181
23141
9403
4910
688
17084
3468
7432
5235
11274
4019
15465
8964
664
17793
17964
19977
20761
1107
163
10905
20318
20213
18955
19970
10002
17427
9508
8060
18431
23247
20233
7179
1975
68
14537
19857
6715
2911
8893
3258
7128
18591
3796
20105
19963
29669
11769
3473
14282
19743
4643
20347
11278
17911
20495
16696
19038
2884
12373
4646
4115
20423
20509
20087
18884
9547
1442
10434
20498
4519
19967
3602
12305
7106
7695
10978
18751
20218
20344
24382
16012
20351
5397
1540
8941
8723
16
4612
17098
20134
11649
11648
1030
1029
20091
12718
13222
1596
3330
12856
20116
20115
12729
2907
2885
9311
2961
9833
23789
19957
17441
12033
14604
6897
941
20492
12830
14950
1188
20122
23791
20093
17712
391
32550
11551
23794
5479
5522
5528
5526
5478
5525
5527
5480
5541
5588
5577
17043
7114
6814
7675
11164
12496
4083
4079
8101
4868
579
7677
11827
29170
7146
13672
2001
3768
1954
10914
14378
143
26929
7001
20249
9878
11785
19687
11299
24132
1149
16061
9055
30767
6186
24464
28295
24054
9817
25550
11246
18313
2910
26956
17433
18538
18828
6721
12446
29536
34449
1480
1713
19141
16808
3381
11781
16691
16035
31736
4606
11226
33630
914
17857
11184
13273
32698
3062
4175
29898
8549
20390
20611
10910
3078
3603
29298
30747
12631
30227
573
2594
29514
2938
6879
4401
7602
8138
26790
9766
8959
21493
7727
29636
11623
6619
188
17384
7599
21481
537
10258
23594
12010
16468
30273
1371
4867
9255
12310
26220
20373
29666
29956
37227
2088
10975
9760
30750
6840
6772
6769
25662
34453
2752
2077
3649
6136
13233
6392
7974
7608
4878
689
969
16882
25065
14560
9113
30650
2590
10741
2071
26114
2595
2444
7216
2267
18448
6827
19353
14245
3481
13081
9935
9580
21205
29183
24579
5384
6115
9533
1957
16989
31555
7437
3579
16876
13520
25789
10397
21744
567
17513
28443
1081
25928
17574
26504
1192
14050
25477
319
10024
25568
9179
30497
9076
29659
500
5383
16920
18077
6110
1058
3657
30594
12712
1917
30308
7976
5465
6993
17109
23752
30922
409
17198
14121
7211
14124
4835
4824
4823
680
14180
903
14484
7852
11182
14135
14142
21169
11427
14153
14154
1395
12019
17542
12485
23026
27558
2025
29099
29077
6884
7851
16618
5468
4805
14169
28569
14178
10351
7696
11587
4236
11076
8028
12363
9008
14259
20456
24825
2703
33
1591
8030
29203
8816
11619
2051
18152
28369
14246
16830
6998
23845
16264
2348
29450
29679
11808
26348
29478
18294
23
24530
9115
12630
4585
3334
7067
29013
19383
16841
4621
11913
3436
8609
26827
17619
7569
51
57
15516
10389
697
30045
2244
24641
12559
26060
32017
10522
18049
25074
13188
2418
16378
12586
10602
10600
18622
29419
7694
26144
9077
9395
11969
6006
29068
19733
2074
12420
30417
811
1633
25906
18874
11249
6391
30500
22234
414
11605
6877
2252
20922
29824
6148
16974
8931
16867
29010
18324
18539
11439
23663
16902
17933
4010
16608
30261
6149
6146
2279
25781
11767
11037
13487
17151
18062
14884
8927
20598
10857
16762
30758
14310
5331
2584
10524
25701
9894
29168
24678
14361
7166
11048
1863
4389
463
967
7406
28958
10912
13744
1869
29420
17146
10621
25302
9189
4512
6217
2151
25792
2459
7877
4433
1750
1764
24160
11831
19174
621
30263
1539
12030
5227
7869
3118
13605
5209
13723
27089
25070
15943
25787
23194
9538
6522
26014
17330
7777
25807
25557
1762
1748
24353
13488
18623
30012
24328
11729
24374
7774
31527
30264
20
29500
18620
10770
28529
25507
19368
11573
2867
5141
5156
17211
17728
777
9565
25539
21197
19708
971
6938
37234
6215
19246
17110
12799
6776
24447
29034
4208
13815
4137
9066
7150
32434
15456
16475
30539
24575
2265
5358
3809
3801
16510
13352
14203
1377
13450
23216
2577
7529
28005
28993
24576
626
4122
30887
1537
27288
1754
21316
11237
10303
8740
1770
3582
20772
4166
10296
25608
15717
14111
18485
18008
17317
81
35126
12851
2362
33882
17340
26600
9075
8824
10289
3003
25542
7188
8574
756
18084
12716
2518
1469
26992
32687
20997
9543
1966
4439
10981
8881
3354
18807
6317
30225
17677
8067
1243
17943
24967
14374
359
21043
29110
23089
30932
23093
2903
92
3086
19085
11009
3300
4550
16467
1961
9187
11927
11928
17862
7207
11998
25522
2948
29012
1918
4689
430
13743
15977
12643
28128
32952
11390
26169
31921
10327
17620
7568
30035
8029
4169
7578
7572
7573
10603
2953
6844
16067
14198
2260
9118
17241
264
26006
7672
8966
12463
18153
27310
2239
15769
25487
9834
11289
18802
7594
6628
17920
11992
10850
4562
24123
6880
403
13480
368
12621
24547
16823
6843
6465
7873
27314
29858
11894
23781
18085
12724
17074
30521
12765
12565
14937
13452
28960
16519
13387
12034
3424
20816
11803
2394
29259
30580
1059
2301
26223
7765
17101
21168
9556
1775
24529
26991
28291
6600
9823
14304
32689
8854
563
30295
24846
11547
10632
10627
12309
23213
26202
19235
84
11531
11630
16651
31371
27578
12929
9540
1401
9234
7763
11610
23719
3430
13178
9560
22963
11796
17040
1744
9864
11989
11109
30839
6413
6414
6415
6436
6447
6416
6423
6427
6207
18169
18829
115
25280
2158
29517
4201
9785
4847
11367
11366
11364
9688
865
7632
29932
17928
12417
12419
8011
3526
14544
24990
1034
9570
4056
10328
18315
1100
6746
3493
7013
13771
7221
30455
17996
24861
14068
25416
12511
11027
24279
4601
6138
4040
30858
32700
4235
26238
7857
6853
29017
6893
24565
8016
12782
4431
1728
7585
6156
6400
30140
11599
14055
30260
1551
15605
5111
5114
5118
841
28866
8912
7809
11254
17016
2917
2916
6139
8810
9298
10805
2197
15517
14483
26101
25634
26125
1394
11979
14524
7849
11983
2261
19694
7866
2852
367
14509
12949
7121
7218
18505
9165
11737
9820
19322
7523
25551
2092
24265
10436
9277
11597
11603
20473
22474
11842
30212
2571
2707
24316
6855
30172
24856
9552
11107
4262
4261
1699
10591
3449
9180
2746
16809
10004
904
28514
616
9393
9557
3581
6395
24102
9388
23015
39
35
6262
6263
11204
11331
6545
17147
18744
30268
11075
3642
16356
5359
845
17144
11125
8734
14499
24030
14409
4566
28983
27561
9950
6158
4118
4765
23147
12738
14033
119
11302
23214
3816
25326
11240
29554
20788
32528
19355
26988
7323
18021
20474
593
19391
30029
2946
11821
19721
1552
15962
1554
26090
4065
18683
16446
10818
14539
30287
947
33551
144
3960
18261
8789
27901
4897
10378
10980
4192
28007
8548
678
19071
14452
8756
14935
6781
9721
13825
9803
18985
4549
3594
2452
1695
28672
25072
11581
25843
12612
19070
2096
12841
16909
29090
14450
11776
6481
9675
31332
7717
9841
12648
15718
7642
26270
4388
20776
315
24639
24929
9650
28346
6930
10251
31042
21086
4174
9891
11451
7897
6483
16398
11340
22985
11538
18249
1759
3037
3036
3048
21307
3050
3049
12405
21150
26136
29357
3057
6891
18248
18234
26178
8974
10017
15573
29331
823
26521
17311
18550
6768
6773
21317
83
7603
26530
6916
6878
6984
6770
2701
6917
9182
9767
11634
12436
3647
7643
3706
7728
6819
18662
6631
29426
9108
6932
8967
11908
990
4021
10895
13902
8952
1766
16961
18654
16833
25010
2570
28697
10669
7775
2498
30551
26120
13706
29869
1734
1116
9200
3309
2771
17556
4510
9192
4556
11389
837
1982
7714
4136
10388
24036
30078
6918
30862
11633
16857
25151
7111
568
24948
10766
464
11816
6638
4096
30788
307
4379
4383
7786
24824
5002
18183
8996
580
16685
18286
779
3214
17002
18078
6842
18855
14934
3129
10830
1910
14928
10739
18348
29136
33702
9479
20371
7134
2084
21306
4652
28533
19375
20774
11939
11937
11930
1318
12657
6091
17090
13356
16268
14089
40038
11445
3612
1641
6847
17316
16692
10418
16039
9761
7600
13201
28494
24750
8988
14864
2976
3169
14276
5344
5348
30546
12440
1735
8780
23177
1790
6038
23797
2974
23393
25152
11100
6547
29300
19189
9779
29631
3416
28303
9411
29548
124
6826
32672
2869
19998
6205
9353
18518
19034
6345
4189
3592
1455
9812
29996
7788
6734
25980
20967
1388
30237
9982
17290
9380
20996
1711
9405
1226
4551
7702
3337
1502
7883
13575
378
26820
12013
7007
2376
19354
3540
23228
7609
7977
14488
28360
14880
13635
26182
15715
29002
6086
6193
11040
5971
8980
28177
9777
6206
3724
12458
2364
16062
2227
9962
4214
14253
28380
9987
29989
17194
12587
25443
1589
8764
30304
32036
11067
25907
28467
1833
8840
15993
4458
30661
10586
5155
18712
15598
6783
2280
16763
15840
30100
17325
7908
597
12449
33867
26703
24502
9196
1481
2287
23801
20225
11247
30511
9566
10483
6863
166
6568
3149
10886
7798
17697
10380
18753
16059
18363
12862
29515
23656
2909
3092
9551
392
17158
13797
17932
17931
14896
6717
8061
19041
7076
2610
2615
905
17011
11766
28636
986
25496
10402
1698
681
801
4583
9213
24450
4616
3444
14214
3233
6621
23287
12828
9053
25763
6293
9705
31948
998
15961
18001
613
607
609
2087
9956
13538
20914
3434
18838
3433
3797
10468
12652
8142
11159
10891
2933
7887
8904
9322
25367
1449
17293
17997
565
4591
30660
1338
4527
6404
4332
2383
6598
17057
26560
25603
4588
11459
10310
18859
3678
977
959
3999
4706
10475
6584
16453
8024
17993
3621
6118
5187
18540
561
28845
9154
28426
8066
23212
6235
7965
9175
27609
14376
6363
6365
6366
6361
3482
6610
3826
3827
3828
9302
22938
9402
7686
15446
7879
15505
15506
10442
6607
6477
17408
6332
6339
3608
6731
22947
22948
14388
19978
11948
11947
30492
28405
24380
17895
26278
12875
11391
10426
16384
16228
15864
16133
2457
16187
16175
9571
3711
15757
8820
16254
11779
16255
11153
15911
5385
14584
9664
14045
894
17777
25790
16110
6176
16438
1726
29233
15894
9449
15748
8729
15836
16147
16148
15889
1069
15917
9059
15916
11132
7108
6188
15859
15899
3762
8744
1040
15750
15804
16205
40045
15904
15763
10702
18750
15865
12836
7835
8615
11784
15855
15808
2475
2479
16091
12723
15868
28980
5360
16232
992
1249
16243
4840
14988
6320
18318
2979
6890
16252
11167
3113
15920
15992
16171
343
13890
6838
15791
15936
4624
16181
9452
6159
15891
4220
1859
15910
16185
3378
15754
15764
15870
17329
15925
9893
4265
11283
15879
11778
6517
6408
11986
9065
15901
14202
16135
5024
186
12849
15746
11408
10661
14938
15937
9251
15807
7176
13818
11919
17233
14430
16197
13444
3520
7670
15853
2431
6231
9603
12494
1834
9642
16245
15766
3005
15765
7776
15924
2602
16102
11393
1074
16234
8724
9764
12649
11431
24872
4392
16257
838
15892
3178
11490
11537
9536
16239
15761
15759
15802
8039
2219
16192
13702
1958
6296
3192
9617
15926
15888
11921
26016
16235
15860
11194
8001
12624
9490
14027
14686
847
4071
620
217
12614
11805
11179
1304
1301
11503
5433
5965
5432
5440
1297
11183
2993
6183
850
14051
6242
6240
3040
10471
1549
1911
2035
4976
3046
3091
6267
3446
3489
3043
12760
10822
3039
7532
496
11757
11877
12462
12371
12756
7719
1550
2388
11142
5226
8819
2482
9711
1273
17087
2980
360
8876
1260
1268
12483
11124
6155
226
2195
10937
2211
2212
3974
6708
6946
1299
16068
10500
5985
1843
1839
1840
10988
857
17164
1050
22965
12616
9453
10979
4916
14491
12520
1739
4440
11592
18155
2228
25439
19869
14248
8983
4838
11133
2363
26398
6742
4251
12488
6871
19388
12709
5855
5856
5857
1014
5870
15559
11103
4641
24187
29022
263
16297
11160
4250
2400
2398
290
18150
15844
2397
2396
7180
16627
28913
17550
3508
16954
554
7737
19074
7827
7773
30863
6596
8506
10765
26945
8848
11653
23573
8999
18423
12853
11036
13586
11822
6511
5013
6948
9906
618
7579
17772
1406
18626
7662
2436
12388
7223
25705
16517
6009
9802
16422
17014
6561
17009
4188
9193
11190
9394
9039
6780
2453
2927
1307
18002
2955
17357
8800
18157
25979
786
4563
29190
291
25228
14334
10987
28052
9928
3373
118
4055
28613
11290
17755
7631
25055
7690
11631
24286
29446
2873
18149
8571
29622
1158
24276
3600
10549
9232
13698
25481
1850
19358
17082
18127
18128
6874
6873
9104
10542
10604
3148
2329
1938
6883
713
14294
126
30189
13417
10853
2435
10992
18399
4700
719
14287
11425
24887
6211
11585
20145
630
2022
7095
4837
676
461
7370
29007
15631
15632
11881
9792
23068
2567
3583
8957
3708
30048
1079
13557
1378
560
9890
7820
11411
10457
9243
8926
4516
8806
31689
13867
10432
19701
11122
15455
11123
8918
17169
17152
28727
29347
3267
8811
9173
18060
5996
7960
4289
2928
26708
12811
2578
10295
8512
11854
20893
18305
2370
12632
2745
8082
1497
6833
6834
7678
28746
12637
17123
10274
20372
9896
12469
12609
646
11494
11820
8864
3321
11335
13254
17652
3133
12731
11479
4170
14064
17310
9330
11022
25402
11752
28912
9087
11506
1393
28909
6106
13486
2023
29215
1068
6813
11336
11114
29059
11111
4800
30892
20672
25455
3663
16353
17889
397
12509
14561
26837
24931
25726
7373
17032
17756
644
8148
3226
3157
5461
710
13339
2902
11733
7139
6010
11957
4283
7871
11535
6064
8127
4540
1986
13315
8925
7638
12810
10923
13429
29433
48
18615
3672
886
28880
2291
869
8896
17306
11600
17342
12671
9217
10435
24009
13128
13711
1940
13629
7639
2877
30305
14270
30668
7889
25748
11817
1133
4296
5042
25169
25410
13388
16849
9086
31894
11583
21153
24715
2041
28570
9462
3051
7096
9555
2208
2207
6128
3571
467
29861
8592
1483
2714
30881
17810
9091
338
22931
5974
30557
10991
26239
12472
19374
20439
12974
7683
29873
16682
6501
2555
24338
4573
19073
592
11355
10820
11097
8108
18475
25657
8768
9773
10984
5948
8079
19133
4452
4451
18145
5157
11079
3702
11935
685
9910
14963
12874
3670
3551
13554
11199
6548
3775
3776
5389
2568
7448
5004
22082
13398
1044
816
28434
3076
11055
16695
61
5386
11326
6470
897
674
18704
4839
6112
6990
9936
4206
3754
3331
10298
11577
868
4226
18786
9101
26058
4057
5961
2890
3546
24925
35428
7423
24185
16499
2063
18308
11486
6030
11311
18502
12633
1649
7481
7470
7500
7471
7490
7455
7488
7495
7492
7456
7501
7475
7493
7477
7502
7419
7497
7478
7421
7489
7415
7414
7422
7486
7458
7496
7460
7459
7487
7498
7491
7461
7462
7479
7427
7499
7494
