chromosome	start.pos	end.pos	CNt	A	B	size
chr1	2847119	27674851	1	1	0	24827732
chr1	27681534	120332727	2	1	1	92651193
chr1	120333201	121485435	2	2	0	1152234
chr1	142535470	246750621	2	1	1	104215151
chr2	2500000	90500000	2	1	1	88000000
chr2	96800000	240699373	2	1	1	143899373
chr3	2500000	87900000	2	1	1	85400000
chr3	93900000	195522430	2	1	1	101622430
chr4	2500000	48200000	2	1	1	45700000
chr4	52700000	188654276	2	1	1	135954276
chr5	2500000	46100000	2	1	1	43600000
chr5	50700000	77831092	2	1	1	27131092
chr5	77845791	178415260	2	2	0	100569469
chr6	2500000	58700000	2	1	1	56200000
chr6	63300000	168615067	2	1	1	105315067
chr7	2500000	58000000	2	1	1	55500000
chr7	61700000	156638663	2	1	1	94938663
chr8	2500000	7063424	2	1	1	4563424
chr8	7064771	8088502	3	2	1	1023731
chr8	8088877	43100000	2	1	1	35011123
chr8	48100000	143864022	2	1	1	95764022
chr9	2500000	47266433	2	1	1	44766433
chr9	65474794	70918647	2	2	0	5443853
chr9	70919276	138713431	2	1	1	67794155
chr10	2500000	38000000	2	1	1	35500000
chr10	42300000	68009598	2	1	1	25709598
chr10	68009986	92018838	1	1	0	24008852
chr10	92022480	133034747	2	1	1	41012267
chr11	2500000	51600000	2	1	1	49100000
chr11	55700000	132506516	2	1	1	76806516
chr12	2500000	33000000	2	1	1	30500000
chr12	38200000	131351895	2	1	1	93151895
chr13	19500000	112669878	2	1	1	93169878
chr14	19100000	104849540	2	1	1	85749540
chr15	20700000	22920944	3	2	1	2220944
chr15	22922340	100031392	2	1	1	77109052
chr16	2500000	31953784	2	1	1	29453784
chr16	32558882	33968930	3	2	1	1410048
chr16	38600000	87854753	2	1	1	49254753
chr17	2500000	22200000	2	1	1	19700000
chr17	25800000	78695210	2	1	1	52895210
chr18	2500000	15400000	1	1	0	12900000
chr18	19000000	75577248	1	1	0	56577248
chr19	2500000	24400000	2	1	1	21900000
chr19	28600000	56628983	2	1	1	28028983
chr20	2500000	24968017	1	1	0	22468017
chr20	29579996	60525520	3	2	1	30945524
chr21	9411318	11188085	2	2	0	1776767
chr21	15220158	45629895	2	1	1	30409737
chr22	17900000	48804566	2	1	1	30904566
chrX	2832070	58567320	2	1	1	55735250
chrX	61682307	152770560	2	2	0	91088253
chrY	2932746	10094694	3	2	1	7161948
chrY	13400000	56873566	2	1	1	43473566
