chromosome	start.pos	end.pos	CNt	A	B	size
chr1	2500000	121485435	2	1	1	118985435
chr1	143531408	146488196	3	2	1	2956788
chr1	147382550	246750621	2	1	1	99368071
chr2	2500000	90500000	2	1	1	88000000
chr2	96800000	240699373	2	1	1	143899373
chr3	2500000	87900000	2	1	1	85400000
chr3	93900000	140523881	2	1	1	46623881
chr3	140524107	180617613	3	2	1	40093506
chr3	180632315	195522430	2	1	1	14890115
chr4	2500000	48200000	2	1	1	45700000
chr4	52700000	188654276	2	1	1	135954276
chr5	2500000	46100000	2	1	1	43600000
chr5	50700000	178415260	2	1	1	127715260
chr6	2500000	58779346	2	1	1	56279346
chr6	63356397	168615067	2	1	1	105258670
chr7	2500000	58000000	3	2	1	55500000
chr7	61700000	72036399	3	2	1	10336399
chr7	72038136	156638663	2	1	1	84600527
chr8	2500000	11898282	2	1	1	9398282
chr8	12623886	36659913	1	1	0	24036027
chr8	36660187	42956257	2	1	1	6296070
chr8	48332691	82579745	2	1	1	34247054
chr8	82580407	143864022	3	2	1	61283615
chr9	2500000	47300000	2	1	1	44800000
chr9	50700000	138713431	2	1	1	88013431
chr10	2500000	38000000	2	1	1	35500000
chr10	42300000	133034747	2	1	1	90734747
chr11	2500000	51600000	2	1	1	49100000
chr11	55700000	132506516	2	1	1	76806516
chr12	2500000	33000000	2	1	1	30500000
chr12	38200000	131351895	2	1	1	93151895
chr13	19651767	21756692	6	5	1	2104925
chr13	21757822	25016598	4	3	1	3258776
chr13	25888561	29797496	2	1	1	3908935
chr13	29797644	32084901	6	5	1	2287257
chr13	32094055	37025963	5	4	1	4931908
chr13	37026255	43133532	7	6	1	6107277
chr13	43134445	112669878	3	2	1	69535433
chr14	20067618	104849540	1	1	0	84781922
chr15	20700000	100031392	1	1	0	79331392
chr16	2500000	32071365	2	1	1	29571365
chr16	34016400	35284192	3	2	1	1267792
chr16	46428505	87854753	2	1	1	41426248
chr17	2500000	21192905	1	1	0	18692905
chr17	25800000	78695210	2	1	1	52895210
chr18	2500000	15400000	1	1	0	12900000
chr18	19000000	75577248	1	1	0	56577248
chr19	2500000	24400000	2	1	1	21900000
chr19	28600000	56628983	2	1	1	28028983
chr20	2500000	19876080	1	1	0	17376080
chr20	19877906	22062905	6	5	1	2184999
chr20	23860498	25082256	5	4	1	1221758
chr20	29490431	59529257	3	2	1	30038826
chr21	15201220	45629895	2	1	1	30428675
chr22	17900000	48804566	2	2	0	30904566
chrX	2832070	58100000	2	1	1	55267930
chrX	63000000	152770560	2	1	1	89770560
