0
0
29
0
5
5
0
0
6
5
10
11
0
0
0
0
1
11
0
77
5
5
0
0
0
0
9
7
0
4
6
148
5
143
0
134
2
12
56
4
28
99
0
264
0
0
0
0
0
0
0
0
0
981
71
0
0
0
1
2
0
0
0
0
0
0
1
532
6
161
0
0
0
0
23
0
0
0
0
0
0
4
0
0
0
0
0
0
2
0
0
0
0
0
0
0
0
0
0
0
9
90
145
24
3
3
0
33
434
1
186
4
2
20
70
3
6
0
1
0
0
186
494
1
998
4
27
11
2
0
0
0
0
0
0
0
648
1
3
0
18
3
0
0
0
0
0
0
0
0
0
91
47
0
0
0
0
763
18
38
2
5
37
3
120
54
0
0
523
132
9
0
0
0
0
0
0
37
0
1
4
19
4
0
0
0
0
1
0
0
0
0
0
0
0
121
8
2
1
0
1
1683
91
0
4
149
3
213
1
102
0
1
81
23
0
0
0
0
64
0
2
0
0
0
1
0
0
33
4
18
46
1
0
0
0
0
0
0
0
0
0
2
0
0
0
0
0
0
0
1
259
0
0
1
0
0
11
0
0
0
0
0
2
0
0
0
161
0
0
0
3
13
0
1
17
137
0
5
6
2
23
0
0
3
1
0
0
0
0
1
0
1
0
68
4
5
17
23
0
0
1
0
0
0
1
0
0
3
29
0
0
0
1757
6
0
38
83
16
0
239
0
0
122
6
0
0
0
0
24
4
0
0
2
269
0
0
0
0
5
0
1
0
0
0
0
0
1
1
0
0
0
0
0
0
0
0
0
1
0
0
0
0
0
0
0
0
0
0
0
0
0
0
0
0
0
0
0
0
0
0
0
0
6
0
0
0
0
1
0
787
36
64
195
0
0
1
8
4
0
0
1
0
0
0
0
0
0
0
0
1
0
0
0
0
0
0
0
0
0
0
0
0
0
0
0
0
1
0
0
0
0
0
0
0
0
103
4
20
2
0
1
85
59
1
700
0
2
0
400
5
0
1
26
3
96
236
13
0
0
0
6
119
0
64
2
198
220
44
1
0
0
0
0
0
0
0
0
0
0
0
45
1
0
20
770
68
132
0
0
0
0
0
1
0
0
0
0
6
0
0
8
302
0
7
744
0
49
298
5
600
3
65
251
62
12
0
194
0
23
49
560
29
14
1
0
132
352
0
0
13
5
552
1
27
54
0
0
5
0
0
0
307
12
2
329
93
374
18
6
164
3
8
10
60
0
24
104
87
0
0
0
0
282
488
211
16
0
47
2
0
3
3
0
0
3
8
0
0
0
128
29
0
0
0
50
1
3
267
331
4
0
0
99
15
8
184
8
0
7
0
0
0
0
1163
0
6
2
0
183
33
134
10
27
77
15
0
7
1
12
2
2
6
125
4
0
0
0
0
0
0
0
0
0
0
0
0
0
0
0
0
173
3
0
0
253
0
3
109
30
0
1
0
0
358
41
42
35
2
4
4
84
2
0
0
0
0
521
14
0
2
21
0
92
105
234
0
0
0
4
1
162
84
23
13
1
0
0
0
0
3728
0
777
40
0
0
0
0
0
1
0
203
0
4
0
0
90
0
0
0
0
0
48
0
1
6
276
40
17
1
0
0
1
0
0
0
0
3
0
0
0
0
0
0
0
0
0
0
0
0
0
0
0
0
0
0
0
0
0
0
0
0
41
0
1
0
3
2
0
752
1
0
975
1
0
1
532
14
20
0
0
0
12
1
0
199
14
828
0
1
341
4
6
3
1
0
97
20
506
29
0
148
198
3
19
3
0
0
64
1
38
0
75
2
0
19
0
0
0
0
0
91
0
132
0
0
1
0
3
209
96
6
0
249
23
8
1
28
2939
0
81
9
708
127
0
3
163
2
146
19
258
7
4
0
0
92
37
0
19
0
0
0
0
0
0
18
1
0
0
0
1
0
2
35
56
57
0
0
0
0
0
64
3
139
24
443
27
0
3
0
4
31
581
1991
66
91
100
0
13
355
94
0
0
0
9
21
0
733
0
285
87
4
367
68
1
0
0
0
23
6
21
5
1
212
4
0
1
461
20
21
0
0
142
0
41
6
390
2
0
2
2
899
22
1
204
50
5
24
188
144
4
1487
0
111
3
236
582
8
5
0
0
0
0
29
8
0
3
0
0
0
0
0
2
0
2
0
0
0
0
0
0
0
0
0
0
0
0
0
380
20
15
3
28
14
2
3
5
7
1
2
0
1
401
4
21
1
863
0
0
0
9
71
272
479
0
1357
0
2
0
9
6
0
1
0
0
0
5
0
0
1
112
0
0
0
1
99
1
0
0
1
330
0
2
12
0
2
0
0
584
46
0
1
4
38
123
3
192
1
38
0
6
0
0
0
0
0
0
0
0
0
360
747
0
0
0
0
0
0
0
0
0
0
0
0
0
596
4
13
2
8
0
188
329
53
49
62
18
80
21
44
26
619
39
2
0
308
0
0
181
0
0
0
0
0
0
0
0
0
165
5
4
0
3
7
7
2
6
0
0
1
6
6
223
9
26
0
0
0
0
0
0
0
0
1
54
2
0
0
0
251
430
0
0
0
0
0
0
0
0
0
0
0
13
27
50
1
1
256
24
0
87
0
0
186
0
473
3
13891
1
0
0
2
0
57
0
13
2
274
8
1
5
0
0
3450
10
0
0
0
0
281
1
425
0
105
4
489
0
9
3
37
321
5
8
396
27
171
13
203
0
95
123
36
626
95
12
0
3
0
4
0
0
0
0
0
1
0
1
0
13
5
230
247
50
20
0
135
274
86
0
141
157
0
142
1
0
0
0
123
348
5
187
3
170
0
0
80
116
6
8
0
211
0
146
0
0
0
0
0
0
0
0
0
0
0
232
0
0
0
0
0
2
17
0
0
178
2
23
8
9
12
0
235
397
1
0
13
0
2
0
0
0
30
1
213
0
71
52
0
0
0
0
0
0
4
0
1
559
29
22
0
0
0
506
6
14
11
0
0
0
0
0
1
0
0
0
1489
0
114
6
14
0
27
22
0
4
321
15
9
0
1
0
0
0
549
0
1
0
0
0
0
0
1
0
1
0
0
3
1
0
0
0
0
0
100
6
1
2
0
0
0
0
1732
37
60
12
0
0
1
4
2
0
0
0
4
7
0
3
0
0
1
4
0
0
3
1
1
5
2
15
4
0
136
2
87
3
5
404
0
57
0
0
0
0
540
361
0
2
15
0
0
1
86
453
6
25
28
1
74
0
16
0
0
0
1927
0
3
0
8
36
0
0
0
1241
23
10
85
0
0
0
321
1
17
14
18
8
9
6
17
8
3
1
22
0
0
0
0
0
2
0
0
0
0
0
284
1
8
1
736
3
26
3
0
23
10
1
1
148
435
164
77
11
929
3
7
47
528
0
0
0
0
0
0
1
9
2
12
6
1
10
1
10
3
6
2
2
7
6
2
39
1009
0
0
0
0
0
0
0
0
0
122
0
0
0
0
2
0
335
19
0
0
0
668
63
1
13
46
1
19
0
1
4
0
0
73
1
0
2
0
0
0
150
0
903
6
0
611
0
52
0
358
2
0
31
294
15
3
284
9
5
11
20
370
0
35
261
0
0
0
95
82
0
2
1
8
0
312
43
0
10
0
0
258
0
0
0
0
0
0
0
0
0
0
0
0
83
0
0
0
4
102
5
0
1
33
17
395
2
92
46
0
0
59
0
0
2
7
632
0
112
0
1
87
145
0
1
1
1
2177
13
912
173
14
558
1
27
73
2
231
137
182
0
125
0
0
0
0
0
0
0
0
4
0
0
0
0
65
10
22
173
6
0
0
1
0
0
0
0
0
0
0
0
0
1
8
0
0
0
0
0
0
2
2
158
555
49
682
26
3
9
103
1
5
0
0
0
0
2
0
3
0
0
0
2
0
0
0
0
0
0
0
0
0
0
0
0
0
0
0
7
0
0
0
0
0
0
0
0
0
0
0
0
0
0
0
0
0
0
0
1
0
1
0
56
0
0
1
4
464
0
5
0
3
566
28
0
324
0
0
0
13
402
14
1
1
296
71
0
0
335
35
0
34
262
504
114
0
0
0
0
0
0
0
0
0
0
0
0
1
0
0
0
0
0
0
24
0
0
0
0
0
0
0
0
0
0
0
0
0
0
0
0
0
0
0
49
2
5
0
0
17
1
197
0
0
0
0
0
0
0
0
0
0
0
0
0
0
0
0
0
0
0
0
0
0
0
0
0
0
0
0
0
0
0
0
0
0
0
0
0
0
3
1
318
169
0
728
2
2
1
104
0
0
0
0
21
0
0
0
1
0
1
515
249
6
1
2
0
0
221
4
661
1
88
0
4
0
0
1
35
2
0
21
4
816
11
97
0
0
6
5
0
1
0
0
0
0
0
0
0
3
116
8
0
287
5
0
0
0
97
0
0
0
0
0
0
0
0
0
0
0
0
0
0
0
0
0
0
0
0
0
0
0
0
0
0
0
0
0
0
0
0
600
0
166
0
0
1
82
2
1
1
0
0
247
6
20
3
0
0
5
1
1
6
2
940
8
420
61
7
30
2
6
5
747
11
16
21
19
2
374
16
558
326
0
0
0
0
11
151
0
0
0
2
0
0
0
0
0
1
0
0
0
0
0
34
80
248
8
9
4
0
0
1
0
3
180
125
3
32
0
1
8
0
238
2
0
0
0
3
366
1
111
0
25
233
87
3
219
3
5
499
9
16
31
4
1
2
0
1
11
112
5
5
356
59
0
1037
50
0
0
168
647
408
0
0
1
100
0
0
0
0
0
0
1
8
71
5
69
2
381
19
234
25
0
85
2
0
11
0
2
1978
1
444
6
6
714
999
62
0
0
1
1
11
217
0
0
107
1
189
100
0
38
587
0
23
0
0
2
4
380
0
0
47
205
0
1
0
543
5
142
0
1
39
305
1
205
489
1
4
227
77
3
0
1
0
832
0
12
662
17
1
97
5
27
304
45
2
12
104
7
8
3
43
23
59
241
136
134
0
30
549
8
548
0
4
20
20
35
750
145
36
173
9
1
54
7
32
56
0
195
1
2
0
200
3
29
0
0
0
4
0
499
6
42
41
0
0
0
0
0
0
186
11
2
0
0
0
0
0
27
0
1
0
0
0
0
0
0
0
16
54
3
16
17
7
26
32
61
0
15
0
2
0
477
52
0
0
0
0
0
691
2
30
58
0
0
0
11
0
0
0
0
390
39
13
8
5
17
17
34
0
16
0
0
0
287
103
0
0
0
0
0
0
0
2
3
2
0
0
0
109
15
1
0
0
0
0
0
0
0
0
0
0
0
0
11
571
426
5
137
247
115
16
0
179
0
1
13
0
0
0
5
0
0
0
1
0
0
0
0
1
0
0
10
3
2
1
0
0
0
0
0
0
0
0
1
0
0
0
1
0
0
0
0
0
0
0
0
0
0
114
0
0
0
0
1
0
0
1
0
0
0
0
240
1569
9
0
287
3
0
0
1
0
1
0
0
9
1377
242
215
2
66
200
41
0
0
0
348
7
394
502
1
1
0
0
67
97
4
427
0
1
0
0
405
58
595
27
0
0
4
0
264
1079
51
18
2
10
0
1
1126
8
2
1
0
0
0
31
1
355
11
4
5
5
1
0
0
2391
0
5
7
34
0
0
0
0
0
0
41
3
0
8
224
104
572
35
94
2
377
0
3
78
1
0
395
4
1
1343
4
4
9
0
0
316
93
606
0
0
2
1
0
0
0
23
137
3
3
411
48
103
261
0
0
95
7
10
2
4
0
0
0
1
313
14
8
27
36
26
65
1
174
0
0
0
0
0
1
2
0
0
0
0
0
2
0
0
0
0
431
29
4
6
0
0
0
47
0
2
0
0
0
219
5
2
71
112
2
637
10
1
4
20
21
18
28
28
0
5
2
5
19
0
0
0
0
857
49
14
94
26
0
0
441
7
976
0
0
0
0
0
0
0
0
0
0
95
0
32
175
0
0
3
365
0
0
1
0
0
5
0
5
0
444
7
0
2
117
1
258
8
3
102
0
0
1
0
158
141
0
5
0
2993
6
11
347
252
0
2
0
0
0
0
0
286
7
14
32
50
1
0
0
0
0
203
188
47
21
0
5
6
30
2
0
16
1
45
55
118
94
11
230
3
0
1
0
2
0
0
0
249
2
7
5
2
0
0
0
0
0
622
134
79
43
444
13
4
44
160
10
11
0
0
0
0
1
313
14
3
137
0
0
0
101
0
11
0
15
1
4
5
4
230
5
0
0
0
11
2
0
15
0
1
65
1
518
0
0
0
0
0
0
0
0
2
0
7
32
0
0
275
9
0
0
0
147
1
1
222
61
1
16
2
1
774
150
166
0
0
0
0
0
38
0
0
772
68
0
0
0
1
53
3
446
329
0
0
558
2
1
1
9
209
242
25
0
31
367
0
3
19
47
1
1
2
1
0
59
3
0
8
2
49
0
0
0
10
221
170
22
1
35
2
51
480
29
138
205
114
142
1
0
102
58
139
46
12
7
1
192
6
183
6
3
407
5
0
9
0
0
0
35
22
40
1
0
0
0
22
1
1
0
0
0
0
1
79
7
0
5
76
0
377
1338
5
9
415
0
1347
271
178
0
0
0
133
1430
4
0
30
250
1
0
18
100
179
2
12
17
0
15
1
12
2
0
0
0
0
0
0
0
0
0
0
0
0
0
0
0
0
1
0
0
13
33
26
12
4
0
39
11
0
0
0
0
110
81
87
0
0
214
12
312
1
1
85
0
0
0
0
0
0
0
0
0
0
0
0
0
0
7
0
0
0
0
0
0
0
3
10
64
7
2
187
12
32
175
0
0
91
0
0
0
0
2
0
0
0
0
0
0
0
0
407
8
12
4
2
3
302
7
2
2
4
5
4
17
310
11
8
7
6
29
8
1
0
296
0
0
0
4
0
3
429
5
1
50
2
0
4
167
0
0
0
21
0
1211
1
0
0
21
33
0
4
1
159
0
61
4
397
83
1
886
0
0
836
8
13
297
1
131
1
0
670
212
22
92
25
2
0
502
3
85
0
1
282
15
4
104
80
47
0
134
0
0
0
92
4
235
4
0
214
0
0
0
0
0
0
508
0
104
1279
32
0
3
7
0
0
1
2
1
2
0
197
0
0
302
10
3
14
11
0
172
0
0
102
0
223
1
5
425
471
3
21
0
103
0
0
0
43
2
174
9
0
50
4
216
145
478
1
208
3
281
7
0
0
0
0
0
37
3
0
0
0
0
0
0
0
0
0
20
0
16
458
1
0
670
114
4
0
0
0
570
1
0
5
542
2
3
0
0
143
2
971
1
0
0
0
0
0
23
2
0
0
0
0
0
169
2
3
8
113
10
0
0
0
1
0
2
0
1
0
2
0
309
79
42
1
58
12
1
6
4
0
2
0
0
257
0
0
29
0
2
2
0
0
250
1
738
11
24
61
148
23
37
0
0
0
0
68
0
0
235
268
14
0
0
1
158
1
1
96
32
6
12
0
0
28
0
44
11
3
48
79
1164
3
2
0
0
2
144
420
7
1117
1
5
0
2
34
9
144
1
3
0
68
0
6
0
304
0
17
301
61
0
0
2
1
246
6
2
21
0
0
0
166
284
61
50
1
1
217
67
2
235
6
0
8
0
0
0
66
0
0
0
285
13
13
17
1
0
0
0
220
13
293
4
51
39
10
81
0
0
14
15
403
32
2
0
0
0
1
