0
0
86
1
15
16
5
0
12
3
15
20
0
0
0
0
1
11
1
69
3
6
0
0
0
0
12
5
1
6
11
283
7
296
0
337
7
11
52
6
31
108
0
500
0
0
0
0
0
0
0
0
0
1169
93
0
0
0
1
7
0
0
2
0
0
0
0
786
9
192
0
0
0
0
42
0
0
0
0
0
0
13
0
0
1
0
1
0
3
0
0
0
0
0
0
3
0
0
0
0
6
189
182
51
1
15
1
107
657
1
301
8
2
33
134
1
20
0
1
0
0
327
684
5
1664
4
38
23
3
4
0
0
0
0
1
0
636
0
3
0
33
6
0
2
0
0
0
0
0
0
0
236
68
0
0
0
1
1050
29
41
5
10
43
6
148
70
1
0
1196
266
12
1
0
1
0
0
0
23
1
1
8
35
7
0
3
0
0
1
0
0
0
0
0
0
0
154
16
14
1
0
0
4590
182
0
8
197
5
258
4
207
1
0
202
24
0
3
1
0
121
1
8
0
0
0
2
0
0
56
8
36
325
4
0
0
0
0
0
0
0
0
0
0
0
0
0
0
0
0
0
0
231
0
0
0
0
0
1
0
0
0
0
0
2
0
0
1
447
0
0
0
0
45
0
1
28
263
0
1
17
3
98
1
0
7
0
1
0
0
0
0
0
0
1
122
14
6
14
28
0
0
1
0
0
0
0
0
3
5
38
0
2
1
2802
24
0
48
158
35
0
303
1
0
117
2
0
3
0
1
57
1
4
0
3
431
0
0
0
0
1
0
0
0
0
0
0
0
0
0
0
1
0
0
0
0
0
0
0
0
0
0
0
0
0
0
0
0
0
0
0
0
0
0
0
0
0
0
0
0
0
0
0
0
8
0
0
0
0
1
0
1148
43
81
347
1
0
0
4
4
0
0
2
0
0
0
0
0
0
0
0
3
0
0
0
0
0
1
0
0
0
0
0
0
0
0
0
0
1
0
0
0
0
0
0
1
0
231
6
37
3
1
1
120
141
2
993
3
14
1
512
6
0
0
40
0
91
222
19
0
0
0
12
79
0
140
0
381
268
34
1
1
0
0
0
1
1
0
0
0
0
0
80
0
0
17
1225
93
211
0
1
0
0
0
3
0
0
0
0
3
0
0
3
382
0
25
1281
1
88
338
6
701
0
82
269
155
17
0
241
0
29
80
525
33
34
0
0
364
623
1
0
14
1
796
2
33
55
0
0
2
0
1
0
396
11
8
602
192
625
21
7
277
7
16
18
95
1
41
148
244
0
0
1
0
524
703
354
19
0
87
3
3
4
4
0
0
24
22
0
0
0
183
31
0
0
0
38
0
3
910
372
7
0
0
164
39
10
356
11
2
16
3
0
0
0
1513
0
10
4
0
259
21
257
20
79
131
24
0
8
2
20
0
0
17
226
1
0
0
0
0
0
0
0
0
0
0
0
0
0
1
0
0
331
3
1
0
370
2
7
229
44
0
1
0
0
464
30
49
141
5
5
4
165
4
2
0
0
0
801
21
0
5
53
0
127
159
302
1
0
0
1
1
206
94
4
8
5
0
0
0
0
23927
0
2940
147
0
0
0
0
0
0
0
415
1
2
0
3
425
0
0
0
0
0
74
0
4
9
442
39
8
0
0
0
0
0
0
0
0
0
0
0
0
0
0
0
0
0
0
0
0
0
0
0
0
0
0
0
0
0
0
0
0
0
73
0
2
1
7
3
3
1101
1
0
990
2
0
0
568
10
26
0
0
1
13
2
1
389
22
1293
0
1
626
0
6
3
2
0
141
21
874
44
0
194
338
3
44
247
0
3
118
4
124
0
99
1
0
60
0
0
0
0
0
252
0
144
0
0
7
0
3
359
184
10
0
366
22
12
3
64
3693
0
178
9
1520
420
1
2
394
4
214
14
450
11
3
0
0
108
61
0
30
0
0
0
0
0
0
13
1
0
0
0
0
0
5
84
70
136
0
0
0
0
0
109
3
193
62
351
66
2
2
1
3
33
1362
1797
157
185
236
0
22
589
195
0
0
0
9
29
0
1143
1
369
99
6
682
123
0
0
0
0
58
5
4
6
2
248
5
0
2
1109
38
22
0
0
338
0
40
2
833
6
0
3
2
1586
44
3
339
60
8
14
318
170
2
1693
0
180
17
419
732
2
0
0
0
0
0
85
24
0
1
0
0
1
0
5
2
0
3
1
1
0
0
0
0
0
0
0
0
0
0
0
465
38
24
6
31
23
2
1
4
10
4
0
0
4
524
4
15
3
1057
0
0
1
5
60
298
782
1
2844
0
2
0
10
11
0
0
0
0
0
5
0
0
0
339
0
0
0
0
226
4
0
0
3
382
0
2
21
0
0
0
0
899
94
6
1
14
50
157
5
270
1
106
0
13
0
0
0
0
0
0
0
0
3
672
1108
1
0
0
0
0
0
0
0
0
0
0
0
0
1022
6
19
3
19
0
346
506
92
82
74
26
107
25
64
17
603
14
1
0
1004
0
3
232
0
0
0
0
0
0
0
0
0
199
5
3
0
5
6
12
4
10
0
0
2
1
11
280
20
21
0
1
0
0
0
0
0
0
0
109
8
0
3
0
558
4598
5
0
0
1
0
1
0
1
1
1
0
33
54
66
2
2
449
60
1
167
2
1
271
1
1003
52
17376
2
0
1
1
0
49
0
5
1
181
8
0
4
0
0
4009
6
0
0
0
0
645
3
689
0
140
9
790
0
10
3
182
447
2
8
574
36
313
25
291
3
160
168
38
843
140
29
0
8
2
12
0
0
0
0
0
1
0
2
2
24
4
330
427
85
27
1
209
296
112
0
217
485
3
238
3
0
0
0
325
780
2
239
1
282
4
0
181
151
14
8
0
201
0
149
0
0
0
0
0
0
0
0
0
0
0
276
3
0
0
0
0
2
16
0
0
361
0
33
8
37
16
0
392
383
1
0
8
1
0
0
0
0
40
8
347
1
106
94
0
1
0
1
0
0
2
1
1
1092
65
27
0
0
0
811
16
14
19
0
0
0
0
0
2
0
0
0
1339
0
200
25
23
1
41
19
0
4
550
17
13
0
0
2
0
0
1140
1
1
0
0
0
0
0
3
0
1
0
0
0
3
0
0
1
0
0
203
27
2
6
0
0
0
0
2672
47
74
26
1
3
1
9
4
0
3
0
6
17
0
7
0
1
2
5
2
3
6
0
0
3
2
9
3
0
135
2
129
5
9
393
0
87
0
0
0
0
1007
802
2
8
45
3
1
8
176
1023
5
47
36
0
165
1
19
0
0
0
2829
0
3
0
2
49
0
0
1
2966
42
33
131
0
1
1
346
7
22
11
23
26
5
14
42
18
6
1
33
1
0
1
0
0
0
0
0
0
0
3
525
0
38
0
1016
3
34
2
3
36
46
1
1
319
477
137
100
15
1084
3
7
50
641
0
0
0
0
0
0
1
26
3
12
6
0
13
6
6
2
5
7
3
3
7
3
47
1275
0
0
0
0
0
1
0
1
0
330
0
0
0
1
1
1
558
23
0
0
0
917
81
0
21
70
9
23
0
1
7
0
0
210
3
0
1
0
0
1
301
0
3353
11
0
442
0
50
0
591
9
0
85
443
14
6
376
12
8
18
40
465
1
80
444
0
0
0
110
130
0
2
6
4
3
506
52
0
25
0
0
541
0
0
0
0
0
0
0
0
0
0
0
0
209
0
0
0
5
249
14
0
1
36
17
591
7
146
60
0
0
115
0
0
2
7
778
0
143
2
1
169
335
0
7
1
2
3448
27
2009
250
25
758
1
65
147
1
367
276
268
2
131
0
0
0
0
0
0
2
0
3
0
0
0
0
133
23
59
338
11
0
0
0
0
0
0
0
0
0
0
0
0
7
10
0
0
0
2
0
0
1
0
228
762
84
1272
28
2
24
90
2
1
0
0
1
0
1
0
6
0
0
0
3
6
0
1
0
0
0
0
0
0
0
0
0
1
0
0
10
0
0
0
0
0
0
0
0
0
0
0
0
0
0
0
0
0
0
0
0
0
1
0
46
0
3
1
13
659
5
4
0
8
741
48
0
503
0
0
0
28
565
24
2
2
367
121
0
0
358
17
0
28
430
851
313
1
1
1
0
0
0
0
0
0
0
0
1
15
0
2
0
0
0
0
75
0
0
0
0
0
0
0
0
0
0
0
0
0
0
1
0
0
0
0
54
6
4
0
0
13
5
412
0
1
0
0
0
0
0
0
0
0
0
0
0
0
0
0
0
0
0
0
0
0
0
0
0
0
0
0
0
0
0
0
0
0
0
0
0
0
3
1
566
305
0
917
5
9
13
121
0
1
0
0
63
0
0
0
1
0
1
587
486
2
3
5
5
0
393
2
902
5
107
0
5
0
0
1
36
2
0
4
26
1705
32
314
0
0
1
10
0
0
0
0
0
0
0
0
0
0
204
14
0
414
5
0
1
0
161
0
0
0
0
0
0
0
0
0
0
0
0
0
0
0
2
1
0
0
0
0
0
0
0
0
0
0
0
1
0
0
0
1129
0
282
0
0
1
82
3
2
1
0
0
352
12
39
6
0
0
3
4
3
7
2
1107
5
587
109
3
39
8
4
9
1018
13
28
26
31
0
626
12
1186
812
0
0
0
0
40
261
0
0
0
0
0
0
0
0
2
0
0
0
0
0
1
65
103
479
6
11
4
3
0
2
0
7
216
194
10
31
1
3
3
4
158
1
0
0
0
7
624
8
158
0
58
331
159
5
298
3
8
636
9
24
50
4
4
14
1
0
26
276
5
16
593
95
0
2204
74
0
0
151
961
590
0
0
6
142
0
0
0
0
0
0
0
9
120
12
92
1
484
35
347
29
18
124
4
0
42
2
3
1963
7
577
8
3
998
1501
96
0
2
0
2
10
324
0
1
328
1
243
94
0
68
637
0
6
1
2
5
7
663
0
0
162
222
1
1
0
751
33
191
0
1
79
512
2
260
866
6
1
298
135
2
3
2
1
1071
1
14
784
45
0
146
12
75
973
95
6
42
149
6
10
4
90
38
60
430
314
218
3
60
758
9
704
0
12
23
41
47
1604
441
35
331
11
0
191
8
0
159
0
363
0
5
1
223
3
78
0
0
0
9
0
723
10
69
143
1
1
0
0
0
1
321
7
1
0
0
0
0
0
38
0
0
0
0
0
0
0
0
0
28
120
9
27
46
5
41
88
130
0
23
0
13
0
1172
96
0
0
0
0
0
943
8
28
87
0
0
1
24
0
0
0
2
697
66
20
23
9
49
27
47
0
28
0
0
0
542
381
0
0
0
0
0
0
0
9
1
3
2
0
0
476
33
3
2
0
0
0
0
0
0
0
0
0
0
0
21
755
405
6
170
508
214
59
0
286
5
3
47
1
0
0
19
0
0
0
1
1
0
0
0
0
0
0
19
0
3
0
1
0
0
0
0
0
0
0
0
0
0
0
2
0
0
0
0
0
0
0
0
0
0
209
0
0
0
0
8
0
1
10
0
0
0
0
375
2593
22
0
624
12
0
0
0
0
1
2
0
14
1819
309
275
1
62
377
49
0
3
0
883
19
666
684
2
0
1
0
105
125
4
625
1
0
0
0
789
136
797
36
0
0
11
0
463
2501
83
33
7
15
1
1
1797
31
7
3
0
0
0
65
0
443
13
10
11
2
5
3
0
3812
0
1
8
17
0
0
0
0
0
0
103
0
1
6
329
247
844
40
149
8
609
0
3
167
5
0
687
8
3
1694
7
6
10
2
2
469
110
1125
0
0
4
0
0
1
2
123
415
8
4
584
88
206
486
0
1
165
6
18
6
10
2
0
1
1
348
20
15
15
43
59
92
0
137
1
0
0
0
0
0
10
0
0
0
0
0
6
0
0
0
0
634
47
5
4
0
0
0
65
0
0
0
0
0
217
5
2
165
336
12
769
11
2
17
31
39
11
35
56
0
4
9
2
15
0
1
0
0
1260
37
21
118
31
4
2
655
7
1562
0
0
0
0
0
0
0
0
0
0
169
0
56
229
0
0
6
810
0
0
2
0
0
9
0
10
4
741
6
0
0
182
2
248
11
3
209
0
0
0
0
219
250
0
26
0
3869
2
4
531
541
1
3
0
0
0
0
0
553
19
21
58
89
1
0
4
0
0
338
274
108
45
0
2
10
26
3
0
75
2
109
88
194
165
20
352
4
0
1
0
0
0
0
0
846
6
11
10
18
0
0
0
0
0
1209
271
91
104
589
23
0
68
430
17
29
0
0
0
1
3
357
21
3
238
4
1
0
322
2
12
0
18
0
2
3
4
384
9
0
0
0
36
3
0
34
1
4
82
6
665
2
0
0
0
2
0
0
0
2
0
6
49
0
0
500
8
1
0
0
346
4
0
312
136
0
20
7
1
989
148
206
0
0
0
0
0
119
0
0
966
41
0
0
0
0
143
6
1144
409
2
0
971
1
1
1
27
229
252
36
1
137
661
3
5
28
80
0
0
10
3
0
210
0
0
30
0
198
0
0
0
20
520
142
22
1
69
1
152
857
27
179
232
184
312
0
0
104
103
176
60
14
7
1
377
48
286
10
8
610
3
0
16
0
0
0
69
79
164
2
0
0
0
83
7
3
0
0
0
0
7
282
15
1
14
117
0
590
2416
10
8
638
1
1650
580
548
0
1
0
348
1708
5
0
80
393
0
1
58
147
459
1
14
20
2
34
0
23
1
0
0
0
0
0
0
0
0
0
0
0
0
0
0
0
0
7
0
0
21
73
49
13
12
0
80
75
1
4
0
0
296
262
74
0
0
315
29
526
8
1
304
0
0
0
0
0
0
0
1
0
0
1
0
0
0
17
0
0
0
0
0
0
0
7
82
25
6
0
481
29
49
211
1
0
212
1
0
0
0
1
1
1
0
0
0
0
0
0
668
13
17
6
3
6
301
6
0
1
10
6
9
14
415
20
12
14
20
47
24
0
0
472
0
1
0
2
0
12
612
7
0
29
2
0
1
370
0
0
4
17
0
1651
4
0
0
29
54
0
2
1
192
1
83
9
529
206
0
1506
0
4
1017
20
14
296
0
187
1
5
692
197
26
88
24
3
0
1010
1
154
0
1
475
24
4
305
117
47
0
229
4
0
0
168
14
373
11
0
498
0
0
0
0
0
1
590
0
227
1905
36
0
0
3
2
0
1
1
0
1
0
412
0
1
498
20
9
23
18
0
279
0
0
294
3
391
3
4
514
923
7
41
0
78
0
0
0
84
2
253
9
0
90
8
392
283
920
0
251
5
471
10
0
0
0
0
0
63
2
0
0
0
0
0
0
0
0
0
32
0
103
777
0
1
909
178
16
0
0
0
671
4
0
8
811
2
4
0
5
339
10
1939
9
0
0
0
0
1
64
2
0
0
0
0
0
194
3
3
12
190
8
0
0
0
0
0
6
0
0
2
1
0
404
109
77
0
54
6
3
6
11
0
1
0
0
332
1
0
36
0
2
0
0
1
802
2
1048
7
52
84
231
41
28
0
0
0
0
85
0
0
291
394
22
0
1
2
276
1
0
91
89
6
17
0
0
60
0
40
11
5
188
121
1918
0
4
1
1
3
365
579
9
1799
3
9
0
4
125
14
235
2
4
2
96
0
6
0
408
0
17
339
102
0
0
0
2
324
7
1
29
1
2
0
192
646
107
56
4
2
576
209
6
753
11
0
20
1
0
0
144
0
0
0
324
18
15
23
1
0
0
1
708
45
250
6
75
61
7
124
0
0
16
17
493
32
0
0
0
0
0
