0
0
29
0
0
2
2
0
0
2
1
6
0
0
0
0
4
25
1
53
2
5
1
0
1
1
15
7
1
1
8
248
0
294
0
284
10
8
27
0
8
29
1
437
0
0
0
0
0
0
0
0
0
1046
71
0
0
0
2
0
0
0
2
0
0
0
0
730
10
105
0
0
0
0
23
0
0
0
0
0
0
9
0
0
1
0
0
0
1
0
0
0
0
1
0
1
0
0
0
1
6
202
354
21
7
8
1
64
646
2
228
4
2
22
110
5
10
0
0
0
0
285
535
4
1441
4
15
55
9
7
0
1
0
0
1
0
673
1
2
0
31
3
1
0
0
0
0
0
0
0
0
226
51
0
0
0
0
895
14
23
4
5
21
1
80
36
0
0
896
220
14
0
0
2
0
0
1
16
1
3
3
26
4
0
4
1
0
0
1
0
0
0
0
0
0
151
47
41
0
1
4
4282
189
0
4
223
6
326
3
210
0
0
176
16
0
1
0
0
85
0
3
0
0
0
1
0
0
140
13
26
323
3
1
0
0
0
0
0
0
0
0
1
0
0
0
0
0
0
0
0
754
0
0
3
0
0
35
0
4
4
0
0
0
0
0
1
336
0
0
0
1
35
1
0
20
271
0
3
23
3
78
0
0
3
0
1
0
0
0
0
0
0
0
75
1
12
9
15
0
0
1
0
0
0
0
0
0
2
33
0
1
0
959
3
0
28
160
47
0
343
0
0
46
5
0
0
0
0
32
0
1
0
0
404
0
0
0
0
0
0
0
0
0
0
0
0
0
0
0
0
0
1
0
0
1
0
0
0
0
0
0
0
0
0
0
0
0
0
0
1
0
2
0
3
0
1
0
0
0
0
0
0
9
0
0
0
0
1
1
1155
18
76
414
0
2
1
12
3
0
0
1
0
0
0
0
0
0
0
0
1
0
0
0
0
2
0
0
0
0
0
0
0
0
0
0
0
1
0
0
0
0
0
0
0
0
136
1
18
1
0
0
122
74
1
908
1
5
0
463
5
1
0
33
0
74
217
4
0
0
0
4
67
0
76
0
294
86
16
3
0
0
0
0
0
1
0
0
0
0
0
70
0
0
11
1261
58
193
0
1
0
0
0
2
0
0
0
0
2
0
0
0
252
0
20
1088
0
76
225
6
643
0
58
287
126
9
0
235
0
16
56
420
27
10
0
0
431
687
1
0
8
0
786
0
29
45
0
0
3
0
2
0
309
7
1
702
137
337
10
3
143
2
9
10
76
0
24
110
210
0
0
0
0
403
615
198
12
0
76
2
1
6
0
0
0
35
18
0
1
0
184
25
5
0
0
70
0
4
677
406
5
0
0
171
34
9
241
9
0
10
0
2
0
0
1755
0
14
3
1
277
19
243
6
74
34
13
0
2
0
19
0
0
21
231
2
0
0
0
0
0
0
0
0
0
0
0
0
0
1
0
0
258
1
3
0
322
0
11
208
84
1
0
0
0
651
31
45
14
1
2
0
123
2
1
0
0
0
759
14
0
4
30
0
124
171
312
0
1
1
2
0
229
82
13
4
4
0
0
0
0
60251
0
5692
134
0
1
1
1
0
5
0
360
1
10
0
1
148
0
0
0
0
0
86
0
1
10
476
37
2
0
0
0
0
0
0
0
0
2
0
0
0
0
0
0
0
0
0
0
0
0
0
0
0
0
0
0
0
0
0
0
0
0
98
0
0
2
12
2
2
1445
3
0
966
4
0
0
797
18
21
0
0
1
10
1
1
291
17
1275
0
0
550
12
1
1
0
0
76
7
492
19
0
204
398
3
45
146
0
1
95
1
84
0
86
1
1
39
0
0
0
0
0
198
1
132
1
1
4
0
4
264
186
5
0
376
16
7
1
34
3033
2
143
13
1594
319
1
2
424
1
154
19
259
3
14
0
0
151
44
0
20
0
0
0
0
0
0
9
1
0
1
0
2
0
4
60
60
93
0
0
0
0
0
139
7
158
49
472
30
0
1
0
6
24
1248
1514
98
145
204
1
13
590
238
0
0
0
36
30
0
1036
0
390
70
5
617
107
1
0
0
0
48
3
2
11
2
297
5
0
1
873
18
10
0
0
230
0
28
6
660
5
0
7
2
1816
29
3
304
37
9
13
204
154
2
1642
0
162
3
432
690
5
2
0
0
0
0
53
8
0
1
0
0
0
0
0
3
0
7
0
0
0
0
0
0
0
0
0
0
0
0
0
340
17
27
9
19
10
0
4
4
6
5
0
0
2
475
1
14
1
857
0
1
0
4
50
212
1027
3
2111
0
0
0
8
4
1
1
0
0
0
6
0
0
1
572
0
0
0
1
180
6
0
0
2
327
0
1
7
0
0
0
0
854
68
3
1
3
69
107
0
258
3
76
0
17
0
0
0
0
0
1
0
0
0
900
963
1
0
0
0
0
0
0
0
0
0
0
0
0
979
2
18
2
17
0
318
357
40
53
63
16
58
19
41
26
1330
24
3
0
983
2
1
205
0
0
0
0
0
0
0
0
0
150
1
1
0
5
5
16
5
11
1
0
3
5
6
262
17
12
0
0
0
0
1
0
0
0
0
121
3
1
6
0
488
10178
1
0
0
0
0
2
1
0
4
1
0
33
78
36
1
1
644
54
0
194
0
0
252
0
863
97
11612
0
0
3
0
0
9
0
0
0
19
1
4
7
0
1
3590
15
1
0
0
0
686
1
604
0
121
1
493
0
8
2
66
411
0
5
546
23
252
31
260
1
102
132
49
634
105
29
0
24
1
39
0
0
0
1
0
1
0
2
0
21
3
298
361
71
12
0
175
186
106
0
217
392
0
200
2
0
0
0
352
683
3
259
3
262
0
0
224
325
5
15
0
196
0
177
0
0
0
0
0
0
0
0
0
0
0
310
1
0
0
0
0
1
11
0
0
312
1
18
16
21
3
0
327
359
2
0
15
0
1
0
0
0
25
1
395
0
122
177
0
0
0
0
0
0
6
2
0
1076
42
18
0
0
0
594
8
16
18
0
0
0
0
0
2
0
0
0
1236
0
206
10
13
0
33
20
0
4
514
20
3
0
0
0
2
0
706
0
6
0
0
0
0
0
1
0
0
0
0
6
3
0
0
2
0
0
165
18
4
5
2
0
0
0
2724
36
55
26
1
0
0
1
3
0
0
0
1
3
0
1
0
0
0
2
0
1
1
2
0
1
0
2
1
0
74
0
93
1
5
368
0
20
0
0
1
0
940
771
0
0
2
0
1
0
26
913
3
39
20
0
122
2
54
0
0
0
2249
0
2
0
2
29
1
1
0
2299
40
9
90
0
0
1
280
9
8
11
15
11
5
2
21
15
3
0
25
3
0
0
0
0
0
0
0
0
0
2
397
0
42
0
727
2
20
2
37
58
41
0
0
222
441
78
43
11
1190
4
7
37
584
0
0
0
0
0
0
0
22
1
22
7
0
10
7
16
5
8
0
7
11
12
0
65
1204
2
0
0
0
0
2
0
0
0
283
0
0
0
0
0
0
396
13
1
0
0
795
55
0
8
44
6
16
0
0
5
0
0
89
1
0
0
0
0
0
269
0
4179
5
0
419
0
31
0
467
5
2
60
354
6
4
152
2
4
26
36
368
0
55
124
0
0
0
97
142
0
2
11
11
0
567
32
0
13
0
0
711
1
0
0
0
0
0
0
0
0
0
0
0
159
0
1
0
3
298
6
0
3
46
15
552
4
108
22
0
0
168
0
0
4
5
844
1
134
0
4
115
317
0
0
0
0
3150
12
1993
203
23
650
0
70
140
1
310
193
207
0
128
0
0
0
0
0
0
1
0
2
0
0
0
0
115
11
35
210
4
0
0
0
0
0
0
0
0
0
0
0
0
6
8
0
0
0
2
0
0
1
1
169
720
53
1109
24
1
29
58
1
5
1
0
0
0
0
0
6
0
0
0
1
8
0
0
0
0
0
0
0
0
0
0
0
2
0
1
10
0
0
0
0
0
0
0
0
0
0
0
0
0
0
0
0
0
0
0
0
0
1
0
78
2
0
1
16
527
1
7
0
9
567
41
1
184
0
0
0
16
401
18
2
1
288
77
0
0
344
10
1
21
388
772
780
2
1
0
0
0
0
0
0
0
0
0
0
144
0
0
0
0
3
0
55
0
0
0
0
0
0
0
0
0
0
0
0
0
0
0
1
0
0
0
42
9
6
0
0
13
7
463
0
0
0
0
1
0
0
0
0
0
0
0
0
0
0
0
0
0
0
0
0
0
0
0
0
0
0
0
0
0
0
0
0
0
0
0
0
0
1
0
612
278
0
920
0
7
4
262
0
0
0
0
52
1
0
0
0
2
0
714
405
4
1
7
3
0
297
3
1161
0
75
0
3
0
0
0
64
2
1
28
10
2034
15
219
1
0
0
10
0
0
0
0
0
0
0
1
0
1
233
9
0
341
3
2
0
0
152
0
0
0
0
0
0
0
0
0
0
0
0
0
0
0
1
0
0
0
0
0
0
0
1
0
0
0
0
0
0
0
0
1037
0
227
0
0
0
105
3
2
0
0
0
505
7
28
2
0
0
0
2
1
5
1
867
2
490
112
9
31
4
4
7
766
9
19
19
14
2
608
11
823
595
0
0
0
0
31
187
0
2
0
1
1
0
0
2
0
0
0
0
0
0
0
31
31
287
4
5
2
0
0
2
3
1
155
151
5
20
0
1
1
1
9
0
0
0
3
4
842
5
140
0
37
282
125
5
199
2
4
613
11
15
41
3
5
8
0
0
31
249
20
22
413
72
0
1937
37
0
0
119
994
661
0
0
3
135
0
1
0
1
0
0
1
3
74
13
132
1
536
10
275
40
143
27
0
0
62
2
1
1476
4
357
5
4
911
993
55
0
0
0
0
15
253
1
0
252
2
229
112
0
14
702
0
10
0
0
3
1
550
0
0
31
267
1
1
0
184
31
174
0
0
60
418
2
194
779
3
0
301
155
1
0
0
0
1276
0
9
628
26
2
95
8
46
1232
99
2
20
142
8
5
11
71
32
81
409
258
165
1
80
935
6
847
0
14
39
26
38
1998
431
3
453
17
1
459
15
2
115
0
249
1
1
0
124
6
83
0
0
0
5
0
811
4
84
93
0
0
0
0
0
1
272
10
0
0
0
0
1
0
29
0
0
1
0
0
0
0
0
0
13
30
2
12
8
6
16
38
48
0
15
0
3
0
564
44
0
0
0
0
0
1354
11
19
66
0
0
0
16
0
0
0
1
488
42
11
9
6
32
20
29
0
20
0
0
0
563
261
0
0
0
0
0
0
0
1
5
6
1
0
0
454
41
2
0
0
0
0
0
0
0
0
0
0
0
0
15
753
824
4
201
731
204
26
0
1324
9
1
15
0
0
0
22
0
0
0
0
0
0
0
0
1
0
2
15
0
0
1
0
0
0
0
0
0
0
0
0
1
0
0
2
0
0
0
0
0
0
0
0
0
0
153
1
0
0
2
8
0
0
5
0
0
1
0
383
2264
14
0
1310
11
0
0
0
0
0
0
0
17
1480
269
282
0
50
433
50
0
1
0
769
14
695
553
2
0
0
0
88
75
3
538
3
1
1
2
723
91
685
32
0
0
14
0
1004
3894
71
26
7
5
1
1
1605
19
7
1
0
1
0
17
1
296
17
3
5
0
1
2
0
4572
0
1
4
15
0
0
0
0
0
0
18
0
0
5
263
222
628
22
159
7
825
0
1
150
2
0
417
2
4
1481
2
5
6
1
2
412
54
1029
0
0
6
0
0
0
2
71
367
4
3
561
68
172
590
0
0
180
2
16
4
11
1
0
1
1
404
8
5
11
36
63
88
1
162
0
0
0
0
0
0
3
0
0
0
0
0
14
0
0
0
0
545
43
5
9
0
0
0
6
0
0
0
1
1
231
3
2
125
278
2
573
10
2
11
27
24
14
22
30
0
3
2
3
17
1
0
0
2
1184
40
19
82
11
4
2
508
13
1180
0
0
0
0
0
0
0
0
0
0
178
0
37
206
0
0
5
823
0
1
0
0
0
3
0
3
8
660
3
0
1
145
2
226
9
1
212
0
0
0
0
170
190
0
10
0
3517
6
7
502
486
1
25
0
0
0
0
0
539
6
14
27
80
2
0
4
0
0
356
230
93
24
0
11
9
63
0
2
50
0
81
86
160
149
13
289
4
0
1
0
0
0
0
0
974
2
5
9
1
0
0
0
0
0
837
210
68
161
515
9
1
54
434
12
45
0
0
0
0
1
283
6
1
165
3
1
0
205
0
5
1
13
0
0
4
2
302
10
0
0
0
16
1
0
43
0
2
89
11
703
2
0
0
0
7
0
0
0
0
0
14
67
0
0
419
5
0
0
0
331
4
0
321
136
1
32
4
1
1061
154
168
0
0
0
0
0
81
0
0
1317
66
0
0
0
0
108
5
1164
412
2
0
997
1
1
1
8
131
78
9
0
201
580
0
3
18
63
0
0
2
2
0
146
1
1
7
0
111
0
0
0
13
531
286
23
2
53
0
77
1206
155
149
182
195
270
2
0
70
78
167
72
11
4
0
332
25
280
13
1
498
0
0
10
0
0
0
24
30
59
1
0
0
0
25
5
1
0
0
0
1
0
111
8
1
8
166
0
569
2253
6
11
771
2
1357
424
593
1
0
0
213
2881
1
0
45
314
1
3
37
348
871
1
16
18
0
32
0
27
1
0
0
0
0
0
0
0
0
0
0
0
0
0
0
0
0
9
0
0
34
106
34
15
3
0
48
39
0
0
1
0
154
161
42
0
0
200
28
352
5
0
106
0
0
0
0
0
0
0
0
0
0
0
0
0
0
9
0
0
0
0
0
0
0
6
77
76
2
0
520
38
95
268
0
0
119
1
0
0
1
1
0
0
0
0
0
0
0
0
759
10
15
6
2
3
298
4
1
1
6
3
11
14
494
20
10
14
10
41
11
0
2
412
0
0
0
3
0
6
639
3
0
21
4
0
1
300
0
0
1
19
3
1344
9
0
0
34
73
0
4
0
118
1
104
4
475
198
0
1095
0
4
1142
18
9
408
0
168
5
4
666
151
26
59
9
1
0
809
2
122
1
0
479
16
4
254
70
36
0
180
3
0
0
132
9
269
5
0
281
0
0
0
0
0
1
558
0
206
1810
28
0
0
5
0
0
0
1
0
0
0
339
2
0
551
24
12
24
14
0
233
0
0
351
2
369
0
3
472
1139
3
40
0
275
0
0
0
26
0
136
5
0
81
8
335
270
717
0
161
1
84
1
0
0
0
0
0
84
5
0
0
0
0
0
1
0
0
0
24
0
70
514
1
0
639
220
15
0
0
0
555
0
0
9
691
2
2
0
2
289
4
1769
6
0
0
0
1
0
52
4
0
0
0
0
0
208
0
1
5
135
4
0
0
0
0
0
3
0
1
0
0
1
360
89
53
0
40
2
3
1
1
0
4
0
0
364
0
0
34
0
6
0
0
0
516
0
1002
6
26
59
223
21
26
1
0
0
0
45
0
0
341
351
31
0
0
1
185
2
2
72
55
0
10
1
0
78
0
27
6
4
217
91
2451
0
10
0
0
3
249
519
6
1667
2
10
0
0
68
3
239
1
5
1
92
0
2
0
305
0
29
519
98
0
0
0
1
293
13
2
29
0
0
1
208
679
69
29
1
0
722
174
2
350
10
0
13
0
0
0
101
0
0
0
367
13
20
15
0
0
0
0
659
26
174
4
51
37
3
73
0
0
18
20
461
39
0
0
0
0
1
